solid 
 facet normal -1.000000e+00  0.000000e+00  0.000000e+00
   outer loop
     vertex -2.075000e+01 -1.675000e+01 -2.505000e-01
     vertex -2.075000e+01 -1.675000e+01  1.980000e+01
     vertex -2.075000e+01  1.675000e+01  1.980000e+01
   endloop
 endfacet
 facet normal -1.000000e+00  0.000000e+00  0.000000e+00
   outer loop
     vertex -2.075000e+01 -1.675000e+01 -2.505000e-01
     vertex -2.075000e+01  1.675000e+01  1.980000e+01
     vertex -2.075000e+01  1.675000e+01 -2.505000e-01
   endloop
 endfacet
 facet normal  0.000000e+00  0.000000e+00  1.000000e+00
   outer loop
     vertex -1.925568e+01 -1.874821e+01  1.980000e+01
     vertex -1.987733e+01 -1.924396e+01  1.980000e+01
     vertex -1.924396e+01 -1.987733e+01  1.980000e+01
   endloop
 endfacet
 facet normal  0.000000e+00  0.000000e+00  1.000000e+00
   outer loop
     vertex -1.874821e+01 -1.925568e+01  1.980000e+01
     vertex -1.925568e+01 -1.874821e+01  1.980000e+01
     vertex -1.924396e+01 -1.987733e+01  1.980000e+01
   endloop
 endfacet
 facet normal  0.000000e+00  0.000000e+00  1.000000e+00
   outer loop
     vertex -1.963750e+01 -1.814055e+01  1.980000e+01
     vertex -2.035388e+01 -1.848553e+01  1.980000e+01
     vertex -1.987733e+01 -1.924396e+01  1.980000e+01
   endloop
 endfacet
 facet normal  0.000000e+00  0.000000e+00  1.000000e+00
   outer loop
     vertex -1.963750e+01 -1.814055e+01  1.980000e+01
     vertex -1.987733e+01 -1.924396e+01  1.980000e+01
     vertex -1.925568e+01 -1.874821e+01  1.980000e+01
   endloop
 endfacet
 facet normal  0.000000e+00  0.000000e+00  1.000000e+00
   outer loop
     vertex -1.814055e+01 -1.963750e+01  1.980000e+01
     vertex -1.924396e+01 -1.987733e+01  1.980000e+01
     vertex -1.848553e+01 -2.035388e+01  1.980000e+01
   endloop
 endfacet
 facet normal  0.000000e+00  0.000000e+00  1.000000e+00
   outer loop
     vertex -1.814055e+01 -1.963750e+01  1.980000e+01
     vertex -1.874821e+01 -1.925568e+01  1.980000e+01
     vertex -1.924396e+01 -1.987733e+01  1.980000e+01
   endloop
 endfacet
 facet normal  0.000000e+00  0.000000e+00  1.000000e+00
   outer loop
     vertex -1.987453e+01 -1.746315e+01  1.980000e+01
     vertex -2.064971e+01 -1.764008e+01  1.980000e+01
     vertex -2.035388e+01 -1.848553e+01  1.980000e+01
   endloop
 endfacet
 facet normal  0.000000e+00  0.000000e+00  1.000000e+00
   outer loop
     vertex -1.987453e+01 -1.746315e+01  1.980000e+01
     vertex -2.035388e+01 -1.848553e+01  1.980000e+01
     vertex -1.963750e+01 -1.814055e+01  1.980000e+01
   endloop
 endfacet
 facet normal  0.000000e+00  0.000000e+00  1.000000e+00
   outer loop
     vertex -1.746315e+01 -1.987453e+01  1.980000e+01
     vertex -1.848553e+01 -2.035388e+01  1.980000e+01
     vertex -1.764008e+01 -2.064971e+01  1.980000e+01
   endloop
 endfacet
 facet normal  0.000000e+00  0.000000e+00  1.000000e+00
   outer loop
     vertex -1.746315e+01 -1.987453e+01  1.980000e+01
     vertex -1.814055e+01 -1.963750e+01  1.980000e+01
     vertex -1.848553e+01 -2.035388e+01  1.980000e+01
   endloop
 endfacet
 facet normal  0.000000e+00  0.000000e+00  1.000000e+00
   outer loop
     vertex -1.995488e+01 -1.675000e+01  1.980000e+01
     vertex -2.075000e+01 -1.675000e+01  1.980000e+01
     vertex -2.064971e+01 -1.764008e+01  1.980000e+01
   endloop
 endfacet
 facet normal  0.000000e+00  0.000000e+00  1.000000e+00
   outer loop
     vertex -1.995488e+01 -1.675000e+01  1.980000e+01
     vertex -2.064971e+01 -1.764008e+01  1.980000e+01
     vertex -1.987453e+01 -1.746315e+01  1.980000e+01
   endloop
 endfacet
 facet normal  0.000000e+00  0.000000e+00  1.000000e+00
   outer loop
     vertex -1.675000e+01 -1.995488e+01  1.980000e+01
     vertex -1.764008e+01 -2.064971e+01  1.980000e+01
     vertex -1.675000e+01 -2.075000e+01  1.980000e+01
   endloop
 endfacet
 facet normal  0.000000e+00  0.000000e+00  1.000000e+00
   outer loop
     vertex -1.675000e+01 -1.995488e+01  1.980000e+01
     vertex -1.746315e+01 -1.987453e+01  1.980000e+01
     vertex -1.764008e+01 -2.064971e+01  1.980000e+01
   endloop
 endfacet
 facet normal  0.000000e+00  0.000000e+00  1.000000e+00
   outer loop
     vertex -1.995488e+01  1.675000e+01  1.980000e+01
     vertex -2.075000e+01  1.675000e+01  1.980000e+01
     vertex -2.075000e+01 -1.675000e+01  1.980000e+01
   endloop
 endfacet
 facet normal  0.000000e+00  0.000000e+00  1.000000e+00
   outer loop
     vertex -1.995488e+01  1.675000e+01  1.980000e+01
     vertex -2.075000e+01 -1.675000e+01  1.980000e+01
     vertex -1.995488e+01 -1.675000e+01  1.980000e+01
   endloop
 endfacet
 facet normal  0.000000e+00  0.000000e+00  1.000000e+00
   outer loop
     vertex  1.675000e+01 -1.995488e+01  1.980000e+01
     vertex -1.675000e+01 -2.075000e+01  1.980000e+01
     vertex  1.675000e+01 -2.075000e+01  1.980000e+01
   endloop
 endfacet
 facet normal  0.000000e+00  0.000000e+00  1.000000e+00
   outer loop
     vertex  1.675000e+01 -1.995488e+01  1.980000e+01
     vertex -1.675000e+01 -1.995488e+01  1.980000e+01
     vertex -1.675000e+01 -2.075000e+01  1.980000e+01
   endloop
 endfacet
 facet normal  0.000000e+00  0.000000e+00  1.000000e+00
   outer loop
     vertex  1.746315e+01 -1.987453e+01  1.980000e+01
     vertex  1.675000e+01 -1.995488e+01  1.980000e+01
     vertex  1.675000e+01 -2.075000e+01  1.980000e+01
   endloop
 endfacet
 facet normal  0.000000e+00  0.000000e+00  1.000000e+00
   outer loop
     vertex  1.746315e+01 -1.987453e+01  1.980000e+01
     vertex  1.675000e+01 -2.075000e+01  1.980000e+01
     vertex  1.764008e+01 -2.064971e+01  1.980000e+01
   endloop
 endfacet
 facet normal  0.000000e+00  0.000000e+00  1.000000e+00
   outer loop
     vertex -1.987453e+01  1.746315e+01  1.980000e+01
     vertex -2.064971e+01  1.764008e+01  1.980000e+01
     vertex -2.075000e+01  1.675000e+01  1.980000e+01
   endloop
 endfacet
 facet normal  0.000000e+00  0.000000e+00  1.000000e+00
   outer loop
     vertex -1.987453e+01  1.746315e+01  1.980000e+01
     vertex -2.075000e+01  1.675000e+01  1.980000e+01
     vertex -1.995488e+01  1.675000e+01  1.980000e+01
   endloop
 endfacet
 facet normal  0.000000e+00  0.000000e+00  1.000000e+00
   outer loop
     vertex -1.963750e+01  1.814055e+01  1.980000e+01
     vertex -2.064971e+01  1.764008e+01  1.980000e+01
     vertex -1.987453e+01  1.746315e+01  1.980000e+01
   endloop
 endfacet
 facet normal  0.000000e+00  0.000000e+00  1.000000e+00
   outer loop
     vertex -1.963750e+01  1.814055e+01  1.980000e+01
     vertex -2.035388e+01  1.848553e+01  1.980000e+01
     vertex -2.064971e+01  1.764008e+01  1.980000e+01
   endloop
 endfacet
 facet normal  0.000000e+00  0.000000e+00  1.000000e+00
   outer loop
     vertex  1.814055e+01 -1.963750e+01  1.980000e+01
     vertex  1.764008e+01 -2.064971e+01  1.980000e+01
     vertex  1.848553e+01 -2.035388e+01  1.980000e+01
   endloop
 endfacet
 facet normal  0.000000e+00  0.000000e+00  1.000000e+00
   outer loop
     vertex  1.814055e+01 -1.963750e+01  1.980000e+01
     vertex  1.746315e+01 -1.987453e+01  1.980000e+01
     vertex  1.764008e+01 -2.064971e+01  1.980000e+01
   endloop
 endfacet
 facet normal  0.000000e+00  0.000000e+00  1.000000e+00
   outer loop
     vertex  1.924396e+01 -1.987733e+01  1.980000e+01
     vertex  1.814055e+01 -1.963750e+01  1.980000e+01
     vertex  1.848553e+01 -2.035388e+01  1.980000e+01
   endloop
 endfacet
 facet normal  0.000000e+00  0.000000e+00  1.000000e+00
   outer loop
     vertex -1.987733e+01  1.924396e+01  1.980000e+01
     vertex -2.035388e+01  1.848553e+01  1.980000e+01
     vertex -1.963750e+01  1.814055e+01  1.980000e+01
   endloop
 endfacet
 facet normal  0.000000e+00  0.000000e+00  1.000000e+00
   outer loop
     vertex -1.925568e+01  1.874821e+01  1.980000e+01
     vertex -1.987733e+01  1.924396e+01  1.980000e+01
     vertex -1.963750e+01  1.814055e+01  1.980000e+01
   endloop
 endfacet
 facet normal  0.000000e+00  0.000000e+00  1.000000e+00
   outer loop
     vertex  1.874821e+01 -1.925568e+01  1.980000e+01
     vertex  1.814055e+01 -1.963750e+01  1.980000e+01
     vertex  1.924396e+01 -1.987733e+01  1.980000e+01
   endloop
 endfacet
 facet normal  0.000000e+00  0.000000e+00  1.000000e+00
   outer loop
     vertex  1.987733e+01 -1.924396e+01  1.980000e+01
     vertex  1.874821e+01 -1.925568e+01  1.980000e+01
     vertex  1.924396e+01 -1.987733e+01  1.980000e+01
   endloop
 endfacet
 facet normal  0.000000e+00  0.000000e+00  1.000000e+00
   outer loop
     vertex  1.987733e+01 -1.924396e+01  1.980000e+01
     vertex  1.925568e+01 -1.874821e+01  1.980000e+01
     vertex  1.874821e+01 -1.925568e+01  1.980000e+01
   endloop
 endfacet
 facet normal  0.000000e+00  0.000000e+00  1.000000e+00
   outer loop
     vertex -1.924396e+01  1.987733e+01  1.980000e+01
     vertex -1.987733e+01  1.924396e+01  1.980000e+01
     vertex -1.925568e+01  1.874821e+01  1.980000e+01
   endloop
 endfacet
 facet normal  0.000000e+00  0.000000e+00  1.000000e+00
   outer loop
     vertex -1.924396e+01  1.987733e+01  1.980000e+01
     vertex -1.925568e+01  1.874821e+01  1.980000e+01
     vertex -1.874821e+01  1.925568e+01  1.980000e+01
   endloop
 endfacet
 facet normal  0.000000e+00  0.000000e+00  1.000000e+00
   outer loop
     vertex  1.963750e+01 -1.814055e+01  1.980000e+01
     vertex  1.925568e+01 -1.874821e+01  1.980000e+01
     vertex  1.987733e+01 -1.924396e+01  1.980000e+01
   endloop
 endfacet
 facet normal  0.000000e+00  0.000000e+00  1.000000e+00
   outer loop
     vertex -1.848553e+01  2.035388e+01  1.980000e+01
     vertex -1.924396e+01  1.987733e+01  1.980000e+01
     vertex -1.874821e+01  1.925568e+01  1.980000e+01
   endloop
 endfacet
 facet normal  0.000000e+00  0.000000e+00  1.000000e+00
   outer loop
     vertex -1.848553e+01  2.035388e+01  1.980000e+01
     vertex -1.874821e+01  1.925568e+01  1.980000e+01
     vertex -1.814055e+01  1.963750e+01  1.980000e+01
   endloop
 endfacet
 facet normal  0.000000e+00  0.000000e+00  1.000000e+00
   outer loop
     vertex  2.035388e+01 -1.848553e+01  1.980000e+01
     vertex  1.963750e+01 -1.814055e+01  1.980000e+01
     vertex  1.987733e+01 -1.924396e+01  1.980000e+01
   endloop
 endfacet
 facet normal  0.000000e+00  0.000000e+00  1.000000e+00
   outer loop
     vertex  1.987453e+01 -1.746315e+01  1.980000e+01
     vertex  1.963750e+01 -1.814055e+01  1.980000e+01
     vertex  2.035388e+01 -1.848553e+01  1.980000e+01
   endloop
 endfacet
 facet normal  0.000000e+00  0.000000e+00  1.000000e+00
   outer loop
     vertex  2.064971e+01 -1.764008e+01  1.980000e+01
     vertex  1.987453e+01 -1.746315e+01  1.980000e+01
     vertex  2.035388e+01 -1.848553e+01  1.980000e+01
   endloop
 endfacet
 facet normal  0.000000e+00  0.000000e+00  1.000000e+00
   outer loop
     vertex -1.764008e+01  2.064971e+01  1.980000e+01
     vertex -1.814055e+01  1.963750e+01  1.980000e+01
     vertex -1.746315e+01  1.987453e+01  1.980000e+01
   endloop
 endfacet
 facet normal  0.000000e+00  0.000000e+00  1.000000e+00
   outer loop
     vertex -1.764008e+01  2.064971e+01  1.980000e+01
     vertex -1.848553e+01  2.035388e+01  1.980000e+01
     vertex -1.814055e+01  1.963750e+01  1.980000e+01
   endloop
 endfacet
 facet normal  0.000000e+00  0.000000e+00  1.000000e+00
   outer loop
     vertex -1.675000e+01  1.995488e+01  1.980000e+01
     vertex -1.764008e+01  2.064971e+01  1.980000e+01
     vertex -1.746315e+01  1.987453e+01  1.980000e+01
   endloop
 endfacet
 facet normal  0.000000e+00  0.000000e+00  1.000000e+00
   outer loop
     vertex  2.075000e+01 -1.675000e+01  1.980000e+01
     vertex  1.995488e+01 -1.675000e+01  1.980000e+01
     vertex  1.987453e+01 -1.746315e+01  1.980000e+01
   endloop
 endfacet
 facet normal  0.000000e+00  0.000000e+00  1.000000e+00
   outer loop
     vertex  2.075000e+01 -1.675000e+01  1.980000e+01
     vertex  1.987453e+01 -1.746315e+01  1.980000e+01
     vertex  2.064971e+01 -1.764008e+01  1.980000e+01
   endloop
 endfacet
 facet normal  0.000000e+00  0.000000e+00  1.000000e+00
   outer loop
     vertex -1.675000e+01  2.075000e+01  1.980000e+01
     vertex -1.764008e+01  2.064971e+01  1.980000e+01
     vertex -1.675000e+01  1.995488e+01  1.980000e+01
   endloop
 endfacet
 facet normal  0.000000e+00  0.000000e+00  1.000000e+00
   outer loop
     vertex  2.075000e+01  1.675000e+01  1.980000e+01
     vertex  1.995488e+01 -1.675000e+01  1.980000e+01
     vertex  2.075000e+01 -1.675000e+01  1.980000e+01
   endloop
 endfacet
 facet normal  0.000000e+00  0.000000e+00  1.000000e+00
   outer loop
     vertex  2.075000e+01  1.675000e+01  1.980000e+01
     vertex  1.995488e+01  1.675000e+01  1.980000e+01
     vertex  1.995488e+01 -1.675000e+01  1.980000e+01
   endloop
 endfacet
 facet normal  0.000000e+00  0.000000e+00  1.000000e+00
   outer loop
     vertex  1.675000e+01  2.075000e+01  1.980000e+01
     vertex -1.675000e+01  1.995488e+01  1.980000e+01
     vertex  1.675000e+01  1.995488e+01  1.980000e+01
   endloop
 endfacet
 facet normal  0.000000e+00  0.000000e+00  1.000000e+00
   outer loop
     vertex  1.675000e+01  2.075000e+01  1.980000e+01
     vertex -1.675000e+01  2.075000e+01  1.980000e+01
     vertex -1.675000e+01  1.995488e+01  1.980000e+01
   endloop
 endfacet
 facet normal  0.000000e+00  0.000000e+00  1.000000e+00
   outer loop
     vertex  2.064971e+01  1.764008e+01  1.980000e+01
     vertex  1.987453e+01  1.746315e+01  1.980000e+01
     vertex  1.995488e+01  1.675000e+01  1.980000e+01
   endloop
 endfacet
 facet normal  0.000000e+00  0.000000e+00  1.000000e+00
   outer loop
     vertex  2.064971e+01  1.764008e+01  1.980000e+01
     vertex  1.995488e+01  1.675000e+01  1.980000e+01
     vertex  2.075000e+01  1.675000e+01  1.980000e+01
   endloop
 endfacet
 facet normal  0.000000e+00  0.000000e+00  1.000000e+00
   outer loop
     vertex  1.764008e+01  2.064971e+01  1.980000e+01
     vertex  1.675000e+01  1.995488e+01  1.980000e+01
     vertex  1.746315e+01  1.987453e+01  1.980000e+01
   endloop
 endfacet
 facet normal  0.000000e+00  0.000000e+00  1.000000e+00
   outer loop
     vertex  1.764008e+01  2.064971e+01  1.980000e+01
     vertex  1.675000e+01  2.075000e+01  1.980000e+01
     vertex  1.675000e+01  1.995488e+01  1.980000e+01
   endloop
 endfacet
 facet normal  0.000000e+00  0.000000e+00  1.000000e+00
   outer loop
     vertex  2.035388e+01  1.848553e+01  1.980000e+01
     vertex  1.963750e+01  1.814055e+01  1.980000e+01
     vertex  1.987453e+01  1.746315e+01  1.980000e+01
   endloop
 endfacet
 facet normal  0.000000e+00  0.000000e+00  1.000000e+00
   outer loop
     vertex  2.035388e+01  1.848553e+01  1.980000e+01
     vertex  1.987453e+01  1.746315e+01  1.980000e+01
     vertex  2.064971e+01  1.764008e+01  1.980000e+01
   endloop
 endfacet
 facet normal  0.000000e+00  0.000000e+00  1.000000e+00
   outer loop
     vertex  1.848553e+01  2.035388e+01  1.980000e+01
     vertex  1.746315e+01  1.987453e+01  1.980000e+01
     vertex  1.814055e+01  1.963750e+01  1.980000e+01
   endloop
 endfacet
 facet normal  0.000000e+00  0.000000e+00  1.000000e+00
   outer loop
     vertex  1.848553e+01  2.035388e+01  1.980000e+01
     vertex  1.764008e+01  2.064971e+01  1.980000e+01
     vertex  1.746315e+01  1.987453e+01  1.980000e+01
   endloop
 endfacet
 facet normal  0.000000e+00  0.000000e+00  1.000000e+00
   outer loop
     vertex  1.987733e+01  1.924396e+01  1.980000e+01
     vertex  1.925568e+01  1.874821e+01  1.980000e+01
     vertex  1.963750e+01  1.814055e+01  1.980000e+01
   endloop
 endfacet
 facet normal  0.000000e+00  0.000000e+00  1.000000e+00
   outer loop
     vertex  1.987733e+01  1.924396e+01  1.980000e+01
     vertex  1.963750e+01  1.814055e+01  1.980000e+01
     vertex  2.035388e+01  1.848553e+01  1.980000e+01
   endloop
 endfacet
 facet normal  0.000000e+00  0.000000e+00  1.000000e+00
   outer loop
     vertex  1.924396e+01  1.987733e+01  1.980000e+01
     vertex  1.814055e+01  1.963750e+01  1.980000e+01
     vertex  1.874821e+01  1.925568e+01  1.980000e+01
   endloop
 endfacet
 facet normal  0.000000e+00  0.000000e+00  1.000000e+00
   outer loop
     vertex  1.924396e+01  1.987733e+01  1.980000e+01
     vertex  1.874821e+01  1.925568e+01  1.980000e+01
     vertex  1.925568e+01  1.874821e+01  1.980000e+01
   endloop
 endfacet
 facet normal  0.000000e+00  0.000000e+00  1.000000e+00
   outer loop
     vertex  1.924396e+01  1.987733e+01  1.980000e+01
     vertex  1.925568e+01  1.874821e+01  1.980000e+01
     vertex  1.987733e+01  1.924396e+01  1.980000e+01
   endloop
 endfacet
 facet normal  0.000000e+00  0.000000e+00  1.000000e+00
   outer loop
     vertex  1.924396e+01  1.987733e+01  1.980000e+01
     vertex  1.848553e+01  2.035388e+01  1.980000e+01
     vertex  1.814055e+01  1.963750e+01  1.980000e+01
   endloop
 endfacet
 facet normal -9.937117e-01 -1.119644e-01  1.009304e-03
   outer loop
     vertex -2.074215e+01 -1.700050e+01 -2.583515e-01
     vertex -2.064971e+01 -1.764008e+01  1.980000e+01
     vertex -2.075000e+01 -1.675000e+01  1.980000e+01
   endloop
 endfacet
 facet normal -9.995092e-01 -3.132788e-02  0.000000e+00
   outer loop
     vertex -2.074215e+01 -1.700050e+01 -2.583515e-01
     vertex -2.075000e+01 -1.675000e+01  1.980000e+01
     vertex -2.075000e+01 -1.675000e+01 -2.505000e-01
   endloop
 endfacet
 facet normal -9.438827e-01 -3.302788e-01  1.139122e-03
   outer loop
     vertex -2.056765e+01 -1.794395e+01 -3.101915e-01
     vertex -2.035388e+01 -1.848553e+01  1.980000e+01
     vertex -2.064971e+01 -1.764008e+01  1.980000e+01
   endloop
 endfacet
 facet normal -9.833344e-01 -1.818016e-01 -1.265357e-03
   outer loop
     vertex -2.056765e+01 -1.794395e+01 -3.101915e-01
     vertex -2.064971e+01 -1.764008e+01  1.980000e+01
     vertex -2.074215e+01 -1.700050e+01 -2.583515e-01
   endloop
 endfacet
 facet normal -8.467236e-01 -5.320317e-01  1.220235e-03
   outer loop
     vertex -2.017240e+01 -1.882055e+01 -3.430160e-01
     vertex -1.987733e+01 -1.924396e+01  1.980000e+01
     vertex -2.035388e+01 -1.848553e+01  1.980000e+01
   endloop
 endfacet
 facet normal -9.116343e-01 -4.110000e-01 -1.377580e-03
   outer loop
     vertex -2.017240e+01 -1.882055e+01 -3.430160e-01
     vertex -2.035388e+01 -1.848553e+01  1.980000e+01
     vertex -2.056765e+01 -1.794395e+01 -3.101915e-01
   endloop
 endfacet
 facet normal -7.071062e-01 -7.071062e-01  1.247932e-03
   outer loop
     vertex -1.957843e+01 -1.957843e+01 -3.542605e-01
     vertex -1.924396e+01 -1.987733e+01  1.980000e+01
     vertex -1.987733e+01 -1.924396e+01  1.980000e+01
   endloop
 endfacet
 facet normal -7.870847e-01 -6.168433e-01 -1.436141e-03
   outer loop
     vertex -1.957843e+01 -1.957843e+01 -3.542605e-01
     vertex -1.987733e+01 -1.924396e+01  1.980000e+01
     vertex -2.017240e+01 -1.882055e+01 -3.430160e-01
   endloop
 endfacet
 facet normal -5.320317e-01 -8.467236e-01  1.220235e-03
   outer loop
     vertex -1.882055e+01 -2.017240e+01 -3.430160e-01
     vertex -1.848553e+01 -2.035388e+01  1.980000e+01
     vertex -1.924396e+01 -1.987733e+01  1.980000e+01
   endloop
 endfacet
 facet normal -6.168433e-01 -7.870846e-01 -1.436141e-03
   outer loop
     vertex -1.882055e+01 -2.017240e+01 -3.430160e-01
     vertex -1.924396e+01 -1.987733e+01  1.980000e+01
     vertex -1.957843e+01 -1.957843e+01 -3.542605e-01
   endloop
 endfacet
 facet normal -3.302788e-01 -9.438827e-01  1.139122e-03
   outer loop
     vertex -1.794395e+01 -2.056765e+01 -3.101915e-01
     vertex -1.764008e+01 -2.064971e+01  1.980000e+01
     vertex -1.848553e+01 -2.035388e+01  1.980000e+01
   endloop
 endfacet
 facet normal -4.110000e-01 -9.116343e-01 -1.377580e-03
   outer loop
     vertex -1.794395e+01 -2.056765e+01 -3.101915e-01
     vertex -1.848553e+01 -2.035388e+01  1.980000e+01
     vertex -1.882055e+01 -2.017240e+01 -3.430160e-01
   endloop
 endfacet
 facet normal -1.119644e-01 -9.937117e-01  1.009304e-03
   outer loop
     vertex -1.700050e+01 -2.074215e+01 -2.583515e-01
     vertex -1.675000e+01 -2.075000e+01  1.980000e+01
     vertex -1.764008e+01 -2.064971e+01  1.980000e+01
   endloop
 endfacet
 facet normal -1.818016e-01 -9.833344e-01 -1.265357e-03
   outer loop
     vertex -1.700050e+01 -2.074215e+01 -2.583515e-01
     vertex -1.764008e+01 -2.064971e+01  1.980000e+01
     vertex -1.794395e+01 -2.056765e+01 -3.101915e-01
   endloop
 endfacet
 facet normal -3.132788e-02 -9.995092e-01  0.000000e+00
   outer loop
     vertex -1.675000e+01 -2.075000e+01 -2.505000e-01
     vertex -1.675000e+01 -2.075000e+01  1.980000e+01
     vertex -1.700050e+01 -2.074215e+01 -2.583515e-01
   endloop
 endfacet
 facet normal -7.071068e-01  0.000000e+00 -7.071068e-01
   outer loop
     vertex -1.859953e+01  1.700050e+01 -2.400969e+00
     vertex -2.075000e+01  1.675000e+01 -2.505000e-01
     vertex -2.074215e+01  1.700050e+01 -2.583515e-01
   endloop
 endfacet
 facet normal -7.071068e-01  0.000000e+00 -7.071068e-01
   outer loop
     vertex -1.859953e+01 -1.700050e+01 -2.400969e+00
     vertex -2.074215e+01 -1.700050e+01 -2.583515e-01
     vertex -2.075000e+01 -1.675000e+01 -2.505000e-01
   endloop
 endfacet
 facet normal -7.071068e-01  0.000000e+00 -7.071068e-01
   outer loop
     vertex -1.859953e+01 -1.700050e+01 -2.400969e+00
     vertex -2.075000e+01 -1.675000e+01 -2.505000e-01
     vertex -2.075000e+01  1.675000e+01 -2.505000e-01
   endloop
 endfacet
 facet normal -7.071068e-01  0.000000e+00 -7.071068e-01
   outer loop
     vertex -1.859953e+01 -1.700050e+01 -2.400969e+00
     vertex -2.075000e+01  1.675000e+01 -2.505000e-01
     vertex -1.859953e+01  1.700050e+01 -2.400969e+00
   endloop
 endfacet
 facet normal -3.132788e-02  9.995092e-01  0.000000e+00
   outer loop
     vertex -1.700050e+01  2.074215e+01 -2.583515e-01
     vertex -1.675000e+01  2.075000e+01  1.980000e+01
     vertex -1.675000e+01  2.075000e+01 -2.505000e-01
   endloop
 endfacet
 facet normal -1.119644e-01  9.937117e-01  1.009304e-03
   outer loop
     vertex -1.700050e+01  2.074215e+01 -2.583515e-01
     vertex -1.764008e+01  2.064971e+01  1.980000e+01
     vertex -1.675000e+01  2.075000e+01  1.980000e+01
   endloop
 endfacet
 facet normal -3.302788e-01  9.438827e-01  1.139122e-03
   outer loop
     vertex -1.794395e+01  2.056765e+01 -3.101915e-01
     vertex -1.848553e+01  2.035388e+01  1.980000e+01
     vertex -1.764008e+01  2.064971e+01  1.980000e+01
   endloop
 endfacet
 facet normal -1.818016e-01  9.833344e-01 -1.265357e-03
   outer loop
     vertex -1.794395e+01  2.056765e+01 -3.101915e-01
     vertex -1.764008e+01  2.064971e+01  1.980000e+01
     vertex -1.700050e+01  2.074215e+01 -2.583515e-01
   endloop
 endfacet
 facet normal -5.320317e-01  8.467236e-01  1.220235e-03
   outer loop
     vertex -1.882055e+01  2.017240e+01 -3.430160e-01
     vertex -1.924396e+01  1.987733e+01  1.980000e+01
     vertex -1.848553e+01  2.035388e+01  1.980000e+01
   endloop
 endfacet
 facet normal -4.110000e-01  9.116343e-01 -1.377580e-03
   outer loop
     vertex -1.882055e+01  2.017240e+01 -3.430160e-01
     vertex -1.848553e+01  2.035388e+01  1.980000e+01
     vertex -1.794395e+01  2.056765e+01 -3.101915e-01
   endloop
 endfacet
 facet normal -7.071062e-01  7.071062e-01  1.247932e-03
   outer loop
     vertex -1.957843e+01  1.957843e+01 -3.542605e-01
     vertex -1.987733e+01  1.924396e+01  1.980000e+01
     vertex -1.924396e+01  1.987733e+01  1.980000e+01
   endloop
 endfacet
 facet normal -6.168433e-01  7.870846e-01 -1.436141e-03
   outer loop
     vertex -1.957843e+01  1.957843e+01 -3.542605e-01
     vertex -1.924396e+01  1.987733e+01  1.980000e+01
     vertex -1.882055e+01  2.017240e+01 -3.430160e-01
   endloop
 endfacet
 facet normal -8.467236e-01  5.320317e-01  1.220235e-03
   outer loop
     vertex -2.017240e+01  1.882055e+01 -3.430160e-01
     vertex -2.035388e+01  1.848553e+01  1.980000e+01
     vertex -1.987733e+01  1.924396e+01  1.980000e+01
   endloop
 endfacet
 facet normal -7.870847e-01  6.168433e-01 -1.436141e-03
   outer loop
     vertex -2.017240e+01  1.882055e+01 -3.430160e-01
     vertex -1.987733e+01  1.924396e+01  1.980000e+01
     vertex -1.957843e+01  1.957843e+01 -3.542605e-01
   endloop
 endfacet
 facet normal -9.438827e-01  3.302788e-01  1.139122e-03
   outer loop
     vertex -2.056765e+01  1.794395e+01 -3.101915e-01
     vertex -2.064971e+01  1.764008e+01  1.980000e+01
     vertex -2.035388e+01  1.848553e+01  1.980000e+01
   endloop
 endfacet
 facet normal -9.116343e-01  4.110000e-01 -1.377580e-03
   outer loop
     vertex -2.056765e+01  1.794395e+01 -3.101915e-01
     vertex -2.035388e+01  1.848553e+01  1.980000e+01
     vertex -2.017240e+01  1.882055e+01 -3.430160e-01
   endloop
 endfacet
 facet normal -9.937117e-01  1.119644e-01  1.009304e-03
   outer loop
     vertex -2.074215e+01  1.700050e+01 -2.583515e-01
     vertex -2.075000e+01  1.675000e+01  1.980000e+01
     vertex -2.064971e+01  1.764008e+01  1.980000e+01
   endloop
 endfacet
 facet normal -9.833344e-01  1.818016e-01 -1.265357e-03
   outer loop
     vertex -2.074215e+01  1.700050e+01 -2.583515e-01
     vertex -2.064971e+01  1.764008e+01  1.980000e+01
     vertex -2.056765e+01  1.794395e+01 -3.101915e-01
   endloop
 endfacet
 facet normal -9.995092e-01  3.132788e-02  0.000000e+00
   outer loop
     vertex -2.075000e+01  1.675000e+01 -2.505000e-01
     vertex -2.075000e+01  1.675000e+01  1.980000e+01
     vertex -2.074215e+01  1.700050e+01 -2.583515e-01
   endloop
 endfacet
 facet normal  0.000000e+00 -1.000000e+00  0.000000e+00
   outer loop
     vertex  1.675000e+01 -2.075000e+01 -2.505000e-01
     vertex  1.675000e+01 -2.075000e+01  1.980000e+01
     vertex -1.675000e+01 -2.075000e+01  1.980000e+01
   endloop
 endfacet
 facet normal  0.000000e+00 -1.000000e+00  0.000000e+00
   outer loop
     vertex  1.675000e+01 -2.075000e+01 -2.505000e-01
     vertex -1.675000e+01 -2.075000e+01  1.980000e+01
     vertex -1.675000e+01 -2.075000e+01 -2.505000e-01
   endloop
 endfacet
 facet normal  0.000000e+00  1.000000e+00  0.000000e+00
   outer loop
     vertex  1.675000e+01  2.075000e+01 -2.505000e-01
     vertex -1.675000e+01  2.075000e+01 -2.505000e-01
     vertex -1.675000e+01  2.075000e+01  1.980000e+01
   endloop
 endfacet
 facet normal  0.000000e+00  1.000000e+00 -0.000000e+00
   outer loop
     vertex  1.675000e+01  2.075000e+01 -2.505000e-01
     vertex -1.675000e+01  2.075000e+01  1.980000e+01
     vertex  1.675000e+01  2.075000e+01  1.980000e+01
   endloop
 endfacet
 facet normal  1.119644e-01 -9.937117e-01  1.009304e-03
   outer loop
     vertex  1.700050e+01 -2.074215e+01 -2.583515e-01
     vertex  1.764008e+01 -2.064971e+01  1.980000e+01
     vertex  1.675000e+01 -2.075000e+01  1.980000e+01
   endloop
 endfacet
 facet normal  3.132788e-02 -9.995092e-01  0.000000e+00
   outer loop
     vertex  1.700050e+01 -2.074215e+01 -2.583515e-01
     vertex  1.675000e+01 -2.075000e+01  1.980000e+01
     vertex  1.675000e+01 -2.075000e+01 -2.505000e-01
   endloop
 endfacet
 facet normal  3.302788e-01 -9.438827e-01  1.139122e-03
   outer loop
     vertex  1.794395e+01 -2.056765e+01 -3.101915e-01
     vertex  1.848553e+01 -2.035388e+01  1.980000e+01
     vertex  1.764008e+01 -2.064971e+01  1.980000e+01
   endloop
 endfacet
 facet normal  1.818016e-01 -9.833344e-01 -1.265357e-03
   outer loop
     vertex  1.794395e+01 -2.056765e+01 -3.101915e-01
     vertex  1.764008e+01 -2.064971e+01  1.980000e+01
     vertex  1.700050e+01 -2.074215e+01 -2.583515e-01
   endloop
 endfacet
 facet normal  5.320317e-01 -8.467236e-01  1.220235e-03
   outer loop
     vertex  1.882055e+01 -2.017240e+01 -3.430160e-01
     vertex  1.924396e+01 -1.987733e+01  1.980000e+01
     vertex  1.848553e+01 -2.035388e+01  1.980000e+01
   endloop
 endfacet
 facet normal  4.109999e-01 -9.116343e-01 -1.377580e-03
   outer loop
     vertex  1.882055e+01 -2.017240e+01 -3.430160e-01
     vertex  1.848553e+01 -2.035388e+01  1.980000e+01
     vertex  1.794395e+01 -2.056765e+01 -3.101915e-01
   endloop
 endfacet
 facet normal  7.071062e-01 -7.071062e-01  1.247932e-03
   outer loop
     vertex  1.957843e+01 -1.957843e+01 -3.542605e-01
     vertex  1.987733e+01 -1.924396e+01  1.980000e+01
     vertex  1.924396e+01 -1.987733e+01  1.980000e+01
   endloop
 endfacet
 facet normal  6.168433e-01 -7.870846e-01 -1.436141e-03
   outer loop
     vertex  1.957843e+01 -1.957843e+01 -3.542605e-01
     vertex  1.924396e+01 -1.987733e+01  1.980000e+01
     vertex  1.882055e+01 -2.017240e+01 -3.430160e-01
   endloop
 endfacet
 facet normal  8.467236e-01 -5.320317e-01  1.220235e-03
   outer loop
     vertex  2.017240e+01 -1.882055e+01 -3.430160e-01
     vertex  2.035388e+01 -1.848553e+01  1.980000e+01
     vertex  1.987733e+01 -1.924396e+01  1.980000e+01
   endloop
 endfacet
 facet normal  7.870847e-01 -6.168433e-01 -1.436141e-03
   outer loop
     vertex  2.017240e+01 -1.882055e+01 -3.430160e-01
     vertex  1.987733e+01 -1.924396e+01  1.980000e+01
     vertex  1.957843e+01 -1.957843e+01 -3.542605e-01
   endloop
 endfacet
 facet normal  9.438827e-01 -3.302788e-01  1.139122e-03
   outer loop
     vertex  2.056765e+01 -1.794395e+01 -3.101915e-01
     vertex  2.064971e+01 -1.764008e+01  1.980000e+01
     vertex  2.035388e+01 -1.848553e+01  1.980000e+01
   endloop
 endfacet
 facet normal  9.116343e-01 -4.109999e-01 -1.377580e-03
   outer loop
     vertex  2.056765e+01 -1.794395e+01 -3.101915e-01
     vertex  2.035388e+01 -1.848553e+01  1.980000e+01
     vertex  2.017240e+01 -1.882055e+01 -3.430160e-01
   endloop
 endfacet
 facet normal  9.937117e-01 -1.119644e-01  1.009304e-03
   outer loop
     vertex  2.074215e+01 -1.700050e+01 -2.583515e-01
     vertex  2.075000e+01 -1.675000e+01  1.980000e+01
     vertex  2.064971e+01 -1.764008e+01  1.980000e+01
   endloop
 endfacet
 facet normal  9.833344e-01 -1.818016e-01 -1.265357e-03
   outer loop
     vertex  2.074215e+01 -1.700050e+01 -2.583515e-01
     vertex  2.064971e+01 -1.764008e+01  1.980000e+01
     vertex  2.056765e+01 -1.794395e+01 -3.101915e-01
   endloop
 endfacet
 facet normal  9.995092e-01 -3.132788e-02  0.000000e+00
   outer loop
     vertex  2.075000e+01 -1.675000e+01 -2.505000e-01
     vertex  2.075000e+01 -1.675000e+01  1.980000e+01
     vertex  2.074215e+01 -1.700050e+01 -2.583515e-01
   endloop
 endfacet
 facet normal  9.937117e-01  1.119644e-01  1.009304e-03
   outer loop
     vertex  2.074215e+01  1.700050e+01 -2.583515e-01
     vertex  2.064971e+01  1.764008e+01  1.980000e+01
     vertex  2.075000e+01  1.675000e+01  1.980000e+01
   endloop
 endfacet
 facet normal  9.995092e-01  3.132788e-02  0.000000e+00
   outer loop
     vertex  2.074215e+01  1.700050e+01 -2.583515e-01
     vertex  2.075000e+01  1.675000e+01  1.980000e+01
     vertex  2.075000e+01  1.675000e+01 -2.505000e-01
   endloop
 endfacet
 facet normal  9.438827e-01  3.302788e-01  1.139122e-03
   outer loop
     vertex  2.056765e+01  1.794395e+01 -3.101915e-01
     vertex  2.035388e+01  1.848553e+01  1.980000e+01
     vertex  2.064971e+01  1.764008e+01  1.980000e+01
   endloop
 endfacet
 facet normal  9.833344e-01  1.818016e-01 -1.265357e-03
   outer loop
     vertex  2.056765e+01  1.794395e+01 -3.101915e-01
     vertex  2.064971e+01  1.764008e+01  1.980000e+01
     vertex  2.074215e+01  1.700050e+01 -2.583515e-01
   endloop
 endfacet
 facet normal  8.467236e-01  5.320317e-01  1.220235e-03
   outer loop
     vertex  2.017240e+01  1.882055e+01 -3.430160e-01
     vertex  1.987733e+01  1.924396e+01  1.980000e+01
     vertex  2.035388e+01  1.848553e+01  1.980000e+01
   endloop
 endfacet
 facet normal  9.116343e-01  4.109999e-01 -1.377580e-03
   outer loop
     vertex  2.017240e+01  1.882055e+01 -3.430160e-01
     vertex  2.035388e+01  1.848553e+01  1.980000e+01
     vertex  2.056765e+01  1.794395e+01 -3.101915e-01
   endloop
 endfacet
 facet normal  7.071062e-01  7.071062e-01  1.247932e-03
   outer loop
     vertex  1.957843e+01  1.957843e+01 -3.542605e-01
     vertex  1.924396e+01  1.987733e+01  1.980000e+01
     vertex  1.987733e+01  1.924396e+01  1.980000e+01
   endloop
 endfacet
 facet normal  7.870847e-01  6.168433e-01 -1.436140e-03
   outer loop
     vertex  1.957843e+01  1.957843e+01 -3.542605e-01
     vertex  1.987733e+01  1.924396e+01  1.980000e+01
     vertex  2.017240e+01  1.882055e+01 -3.430160e-01
   endloop
 endfacet
 facet normal  5.320317e-01  8.467236e-01  1.220235e-03
   outer loop
     vertex  1.882055e+01  2.017240e+01 -3.430160e-01
     vertex  1.848553e+01  2.035388e+01  1.980000e+01
     vertex  1.924396e+01  1.987733e+01  1.980000e+01
   endloop
 endfacet
 facet normal  6.168433e-01  7.870846e-01 -1.436142e-03
   outer loop
     vertex  1.882055e+01  2.017240e+01 -3.430160e-01
     vertex  1.924396e+01  1.987733e+01  1.980000e+01
     vertex  1.957843e+01  1.957843e+01 -3.542605e-01
   endloop
 endfacet
 facet normal  3.302788e-01  9.438827e-01  1.139122e-03
   outer loop
     vertex  1.794395e+01  2.056765e+01 -3.101915e-01
     vertex  1.764008e+01  2.064971e+01  1.980000e+01
     vertex  1.848553e+01  2.035388e+01  1.980000e+01
   endloop
 endfacet
 facet normal  4.109999e-01  9.116343e-01 -1.377580e-03
   outer loop
     vertex  1.794395e+01  2.056765e+01 -3.101915e-01
     vertex  1.848553e+01  2.035388e+01  1.980000e+01
     vertex  1.882055e+01  2.017240e+01 -3.430160e-01
   endloop
 endfacet
 facet normal  1.119644e-01  9.937117e-01  1.009304e-03
   outer loop
     vertex  1.700050e+01  2.074215e+01 -2.583515e-01
     vertex  1.675000e+01  2.075000e+01  1.980000e+01
     vertex  1.764008e+01  2.064971e+01  1.980000e+01
   endloop
 endfacet
 facet normal  1.818016e-01  9.833344e-01 -1.265357e-03
   outer loop
     vertex  1.700050e+01  2.074215e+01 -2.583515e-01
     vertex  1.764008e+01  2.064971e+01  1.980000e+01
     vertex  1.794395e+01  2.056765e+01 -3.101915e-01
   endloop
 endfacet
 facet normal  3.132788e-02  9.995092e-01 -0.000000e+00
   outer loop
     vertex  1.675000e+01  2.075000e+01 -2.505000e-01
     vertex  1.675000e+01  2.075000e+01  1.980000e+01
     vertex  1.700050e+01  2.074215e+01 -2.583515e-01
   endloop
 endfacet
 facet normal  1.000000e+00  0.000000e+00 -0.000000e+00
   outer loop
     vertex  2.075000e+01  1.675000e+01 -2.505000e-01
     vertex  2.075000e+01  1.675000e+01  1.980000e+01
     vertex  2.075000e+01 -1.675000e+01  1.980000e+01
   endloop
 endfacet
 facet normal  1.000000e+00  0.000000e+00  0.000000e+00
   outer loop
     vertex  2.075000e+01  1.675000e+01 -2.505000e-01
     vertex  2.075000e+01 -1.675000e+01  1.980000e+01
     vertex  2.075000e+01 -1.675000e+01 -2.505000e-01
   endloop
 endfacet
 facet normal  7.071068e-01  0.000000e+00  7.071068e-01
   outer loop
     vertex -1.879541e+01  1.675000e+01  1.864052e+01
     vertex -1.995488e+01 -1.675000e+01  1.980000e+01
     vertex -1.879541e+01 -1.675000e+01  1.864052e+01
   endloop
 endfacet
 facet normal  7.071068e-01  7.498949e-17  7.071068e-01
   outer loop
     vertex -1.995488e+01  1.675000e+01  1.980000e+01
     vertex -1.995488e+01 -1.675000e+01  1.980000e+01
     vertex -1.879541e+01  1.675000e+01  1.864052e+01
   endloop
 endfacet
 facet normal  7.942014e-02  7.048732e-01  7.048732e-01
   outer loop
     vertex -1.720515e+01 -1.874412e+01  1.864052e+01
     vertex -1.675000e+01 -1.995488e+01  1.980000e+01
     vertex -1.675000e+01 -1.879541e+01  1.864052e+01
   endloop
 endfacet
 facet normal  7.942014e-02  7.048732e-01  7.048732e-01
   outer loop
     vertex -1.720515e+01 -1.874412e+01  1.864052e+01
     vertex -1.746315e+01 -1.987453e+01  1.980000e+01
     vertex -1.675000e+01 -1.995488e+01  1.980000e+01
   endloop
 endfacet
 facet normal  2.342779e-01  6.695279e-01  7.048732e-01
   outer loop
     vertex -1.763747e+01 -1.859285e+01  1.864052e+01
     vertex -1.814055e+01 -1.963750e+01  1.980000e+01
     vertex -1.746315e+01 -1.987453e+01  1.980000e+01
   endloop
 endfacet
 facet normal  2.342779e-01  6.695279e-01  7.048732e-01
   outer loop
     vertex -1.763747e+01 -1.859285e+01  1.864052e+01
     vertex -1.746315e+01 -1.987453e+01  1.980000e+01
     vertex -1.720515e+01 -1.874412e+01  1.864052e+01
   endloop
 endfacet
 facet normal  3.773881e-01  6.006097e-01  7.048732e-01
   outer loop
     vertex -1.802529e+01 -1.834916e+01  1.864052e+01
     vertex -1.874821e+01 -1.925568e+01  1.980000e+01
     vertex -1.814055e+01 -1.963750e+01  1.980000e+01
   endloop
 endfacet
 facet normal  3.773881e-01  6.006097e-01  7.048732e-01
   outer loop
     vertex -1.802529e+01 -1.834916e+01  1.864052e+01
     vertex -1.814055e+01 -1.963750e+01  1.980000e+01
     vertex -1.763747e+01 -1.859285e+01  1.864052e+01
   endloop
 endfacet
 facet normal  5.015744e-01  5.015744e-01  7.048732e-01
   outer loop
     vertex -1.834916e+01 -1.802529e+01  1.864052e+01
     vertex -1.925568e+01 -1.874821e+01  1.980000e+01
     vertex -1.874821e+01 -1.925568e+01  1.980000e+01
   endloop
 endfacet
 facet normal  5.015744e-01  5.015744e-01  7.048732e-01
   outer loop
     vertex -1.834916e+01 -1.802529e+01  1.864052e+01
     vertex -1.874821e+01 -1.925568e+01  1.980000e+01
     vertex -1.802529e+01 -1.834916e+01  1.864052e+01
   endloop
 endfacet
 facet normal  6.006097e-01  3.773881e-01  7.048732e-01
   outer loop
     vertex -1.859285e+01 -1.763747e+01  1.864052e+01
     vertex -1.963750e+01 -1.814055e+01  1.980000e+01
     vertex -1.925568e+01 -1.874821e+01  1.980000e+01
   endloop
 endfacet
 facet normal  6.006097e-01  3.773881e-01  7.048732e-01
   outer loop
     vertex -1.859285e+01 -1.763747e+01  1.864052e+01
     vertex -1.925568e+01 -1.874821e+01  1.980000e+01
     vertex -1.834916e+01 -1.802529e+01  1.864052e+01
   endloop
 endfacet
 facet normal  6.695279e-01  2.342779e-01  7.048732e-01
   outer loop
     vertex -1.874412e+01 -1.720515e+01  1.864052e+01
     vertex -1.987453e+01 -1.746315e+01  1.980000e+01
     vertex -1.963750e+01 -1.814055e+01  1.980000e+01
   endloop
 endfacet
 facet normal  6.695279e-01  2.342779e-01  7.048732e-01
   outer loop
     vertex -1.874412e+01 -1.720515e+01  1.864052e+01
     vertex -1.963750e+01 -1.814055e+01  1.980000e+01
     vertex -1.859285e+01 -1.763747e+01  1.864052e+01
   endloop
 endfacet
 facet normal  7.048732e-01  7.942014e-02  7.048732e-01
   outer loop
     vertex -1.879541e+01 -1.675000e+01  1.864052e+01
     vertex -1.995488e+01 -1.675000e+01  1.980000e+01
     vertex -1.987453e+01 -1.746315e+01  1.980000e+01
   endloop
 endfacet
 facet normal  7.048732e-01  7.942014e-02  7.048732e-01
   outer loop
     vertex -1.879541e+01 -1.675000e+01  1.864052e+01
     vertex -1.987453e+01 -1.746315e+01  1.980000e+01
     vertex -1.874412e+01 -1.720515e+01  1.864052e+01
   endloop
 endfacet
 facet normal -0.000000e+00  7.071068e-01  7.071068e-01
   outer loop
     vertex -1.675000e+01 -1.879541e+01  1.864052e+01
     vertex  1.675000e+01 -1.995488e+01  1.980000e+01
     vertex  1.675000e+01 -1.879541e+01  1.864052e+01
   endloop
 endfacet
 facet normal -7.498949e-17  7.071068e-01  7.071068e-01
   outer loop
     vertex -1.675000e+01 -1.995488e+01  1.980000e+01
     vertex  1.675000e+01 -1.995488e+01  1.980000e+01
     vertex -1.675000e+01 -1.879541e+01  1.864052e+01
   endloop
 endfacet
 facet normal -7.048732e-01  7.942014e-02  7.048732e-01
   outer loop
     vertex  1.874412e+01 -1.720515e+01  1.864052e+01
     vertex  1.995488e+01 -1.675000e+01  1.980000e+01
     vertex  1.879541e+01 -1.675000e+01  1.864052e+01
   endloop
 endfacet
 facet normal -7.048732e-01  7.942014e-02  7.048732e-01
   outer loop
     vertex  1.874412e+01 -1.720515e+01  1.864052e+01
     vertex  1.987453e+01 -1.746315e+01  1.980000e+01
     vertex  1.995488e+01 -1.675000e+01  1.980000e+01
   endloop
 endfacet
 facet normal -6.695279e-01  2.342779e-01  7.048732e-01
   outer loop
     vertex  1.859285e+01 -1.763747e+01  1.864052e+01
     vertex  1.963750e+01 -1.814055e+01  1.980000e+01
     vertex  1.987453e+01 -1.746315e+01  1.980000e+01
   endloop
 endfacet
 facet normal -6.695279e-01  2.342779e-01  7.048732e-01
   outer loop
     vertex  1.859285e+01 -1.763747e+01  1.864052e+01
     vertex  1.987453e+01 -1.746315e+01  1.980000e+01
     vertex  1.874412e+01 -1.720515e+01  1.864052e+01
   endloop
 endfacet
