solid 
 facet normal -1.000000e+00  0.000000e+00  0.000000e+00
   outer loop
     vertex -2.075000e+01  2.499950e+01 -2.505000e-01
     vertex -2.075000e+01  5.875000e+01  2.680000e+01
     vertex -2.075000e+01  5.875000e+01 -2.505000e-01
   endloop
 endfacet
 facet normal -1.000000e+00  0.000000e+00  0.000000e+00
   outer loop
     vertex -2.075000e+01  2.400371e+01 -1.205234e-01
     vertex -2.075000e+01  2.499950e+01 -2.505000e-01
     vertex -2.075000e+01  2.439105e+01 -2.014533e-01
   endloop
 endfacet
 facet normal -1.000000e+00  0.000000e+00  0.000000e+00
   outer loop
     vertex -2.075000e+01  2.360621e+01  0.000000e+00
     vertex -2.075000e+01  5.875000e+01  2.680000e+01
     vertex -2.075000e+01  2.499950e+01 -2.505000e-01
   endloop
 endfacet
 facet normal -1.000000e+00  0.000000e+00  0.000000e+00
   outer loop
     vertex -2.075000e+01  2.360621e+01  0.000000e+00
     vertex -2.075000e+01  2.499950e+01 -2.505000e-01
     vertex -2.075000e+01  2.400371e+01 -1.205234e-01
   endloop
 endfacet
 facet normal -1.000000e+00  0.000000e+00  0.000000e+00
   outer loop
     vertex -2.075000e+01  1.839379e+01  0.000000e+00
     vertex -2.075000e+01  5.875000e+01  2.680000e+01
     vertex -2.075000e+01  2.360621e+01  0.000000e+00
   endloop
 endfacet
 facet normal -1.000000e+00  0.000000e+00  0.000000e+00
   outer loop
     vertex -2.075000e+01  1.700050e+01 -2.505000e-01
     vertex -2.075000e+01  1.839379e+01  0.000000e+00
     vertex -2.075000e+01  1.776292e+01 -1.737708e-01
   endloop
 endfacet
 facet normal -1.000000e+00  0.000000e+00  0.000000e+00
   outer loop
     vertex -2.075000e+01  1.700050e+01 -2.505000e-01
     vertex -2.075000e+01  1.776292e+01 -1.737708e-01
     vertex -2.075000e+01  1.737977e+01 -2.313665e-01
   endloop
 endfacet
 facet normal -1.000000e+00  0.000000e+00  0.000000e+00
   outer loop
     vertex -2.075000e+01 -1.675000e+01  2.680000e+01
     vertex -2.075000e+01  5.875000e+01  2.680000e+01
     vertex -2.075000e+01  1.839379e+01  0.000000e+00
   endloop
 endfacet
 facet normal -1.000000e+00  0.000000e+00  0.000000e+00
   outer loop
     vertex -2.075000e+01 -1.675000e+01  2.680000e+01
     vertex -2.075000e+01  1.839379e+01  0.000000e+00
     vertex -2.075000e+01  1.700050e+01 -2.505000e-01
   endloop
 endfacet
 facet normal -1.000000e+00  0.000000e+00  0.000000e+00
   outer loop
     vertex -2.075000e+01 -1.675000e+01 -2.505000e-01
     vertex -2.075000e+01 -1.675000e+01  2.680000e+01
     vertex -2.075000e+01  1.700050e+01 -2.505000e-01
   endloop
 endfacet
 facet normal  0.000000e+00  0.000000e+00  1.000000e+00
   outer loop
     vertex -1.925568e+01 -1.874821e+01  2.680000e+01
     vertex -2.035388e+01 -1.848553e+01  2.680000e+01
     vertex -1.987733e+01 -1.924396e+01  2.680000e+01
   endloop
 endfacet
 facet normal  0.000000e+00  0.000000e+00  1.000000e+00
   outer loop
     vertex -1.874821e+01 -1.925568e+01  2.680000e+01
     vertex -1.987733e+01 -1.924396e+01  2.680000e+01
     vertex -1.924396e+01 -1.987733e+01  2.680000e+01
   endloop
 endfacet
 facet normal  0.000000e+00  0.000000e+00  1.000000e+00
   outer loop
     vertex -1.874821e+01 -1.925568e+01  2.680000e+01
     vertex -1.924396e+01 -1.987733e+01  2.680000e+01
     vertex -1.848553e+01 -2.035388e+01  2.680000e+01
   endloop
 endfacet
 facet normal  0.000000e+00  0.000000e+00  1.000000e+00
   outer loop
     vertex -1.874821e+01 -1.925568e+01  2.680000e+01
     vertex -1.925568e+01 -1.874821e+01  2.680000e+01
     vertex -1.987733e+01 -1.924396e+01  2.680000e+01
   endloop
 endfacet
 facet normal  0.000000e+00  0.000000e+00  1.000000e+00
   outer loop
     vertex -1.963750e+01 -1.814055e+01  2.680000e+01
     vertex -2.035388e+01 -1.848553e+01  2.680000e+01
     vertex -1.925568e+01 -1.874821e+01  2.680000e+01
   endloop
 endfacet
 facet normal  0.000000e+00  0.000000e+00  1.000000e+00
   outer loop
     vertex -1.814055e+01 -1.963750e+01  2.680000e+01
     vertex -1.874821e+01 -1.925568e+01  2.680000e+01
     vertex -1.848553e+01 -2.035388e+01  2.680000e+01
   endloop
 endfacet
 facet normal  0.000000e+00  0.000000e+00  1.000000e+00
   outer loop
     vertex -1.987453e+01 -1.746315e+01  2.680000e+01
     vertex -2.064971e+01 -1.764008e+01  2.680000e+01
     vertex -2.035388e+01 -1.848553e+01  2.680000e+01
   endloop
 endfacet
 facet normal  0.000000e+00  0.000000e+00  1.000000e+00
   outer loop
     vertex -1.987453e+01 -1.746315e+01  2.680000e+01
     vertex -2.035388e+01 -1.848553e+01  2.680000e+01
     vertex -1.963750e+01 -1.814055e+01  2.680000e+01
   endloop
 endfacet
 facet normal  0.000000e+00  0.000000e+00  1.000000e+00
   outer loop
     vertex -1.746315e+01 -1.987453e+01  2.680000e+01
     vertex -1.848553e+01 -2.035388e+01  2.680000e+01
     vertex -1.764008e+01 -2.064971e+01  2.680000e+01
   endloop
 endfacet
 facet normal  0.000000e+00  0.000000e+00  1.000000e+00
   outer loop
     vertex -1.746315e+01 -1.987453e+01  2.680000e+01
     vertex -1.814055e+01 -1.963750e+01  2.680000e+01
     vertex -1.848553e+01 -2.035388e+01  2.680000e+01
   endloop
 endfacet
 facet normal  0.000000e+00  0.000000e+00  1.000000e+00
   outer loop
     vertex -1.995488e+01 -1.675000e+01  2.680000e+01
     vertex -2.075000e+01 -1.675000e+01  2.680000e+01
     vertex -2.064971e+01 -1.764008e+01  2.680000e+01
   endloop
 endfacet
 facet normal  0.000000e+00  0.000000e+00  1.000000e+00
   outer loop
     vertex -1.995488e+01 -1.675000e+01  2.680000e+01
     vertex -2.064971e+01 -1.764008e+01  2.680000e+01
     vertex -1.987453e+01 -1.746315e+01  2.680000e+01
   endloop
 endfacet
 facet normal  0.000000e+00  0.000000e+00  1.000000e+00
   outer loop
     vertex -1.675000e+01 -1.995488e+01  2.680000e+01
     vertex -1.764008e+01 -2.064971e+01  2.680000e+01
     vertex -1.675000e+01 -2.075000e+01  2.680000e+01
   endloop
 endfacet
 facet normal  0.000000e+00  0.000000e+00  1.000000e+00
   outer loop
     vertex -1.675000e+01 -1.995488e+01  2.680000e+01
     vertex -1.746315e+01 -1.987453e+01  2.680000e+01
     vertex -1.764008e+01 -2.064971e+01  2.680000e+01
   endloop
 endfacet
 facet normal  0.000000e+00  0.000000e+00  1.000000e+00
   outer loop
     vertex -1.995488e+01  5.875000e+01  2.680000e+01
     vertex -2.075000e+01  5.875000e+01  2.680000e+01
     vertex -2.075000e+01 -1.675000e+01  2.680000e+01
   endloop
 endfacet
 facet normal  0.000000e+00  0.000000e+00  1.000000e+00
   outer loop
     vertex -1.995488e+01  5.875000e+01  2.680000e+01
     vertex -2.075000e+01 -1.675000e+01  2.680000e+01
     vertex -1.995488e+01 -1.675000e+01  2.680000e+01
   endloop
 endfacet
 facet normal  0.000000e+00  0.000000e+00  1.000000e+00
   outer loop
     vertex  5.875000e+01 -1.995488e+01  2.680000e+01
     vertex -1.675000e+01 -2.075000e+01  2.680000e+01
     vertex  5.875000e+01 -2.075000e+01  2.680000e+01
   endloop
 endfacet
 facet normal  0.000000e+00  0.000000e+00  1.000000e+00
   outer loop
     vertex  5.875000e+01 -1.995488e+01  2.680000e+01
     vertex -1.675000e+01 -1.995488e+01  2.680000e+01
     vertex -1.675000e+01 -2.075000e+01  2.680000e+01
   endloop
 endfacet
 facet normal  0.000000e+00  0.000000e+00  1.000000e+00
   outer loop
     vertex  5.946315e+01 -1.987453e+01  2.680000e+01
     vertex  5.875000e+01 -1.995488e+01  2.680000e+01
     vertex  5.875000e+01 -2.075000e+01  2.680000e+01
   endloop
 endfacet
 facet normal  0.000000e+00  0.000000e+00  1.000000e+00
   outer loop
     vertex  5.946315e+01 -1.987453e+01  2.680000e+01
     vertex  5.875000e+01 -2.075000e+01  2.680000e+01
     vertex  5.964008e+01 -2.064971e+01  2.680000e+01
   endloop
 endfacet
 facet normal  0.000000e+00  0.000000e+00  1.000000e+00
   outer loop
     vertex -1.987453e+01  5.946315e+01  2.680000e+01
     vertex -2.075000e+01  5.875000e+01  2.680000e+01
     vertex -1.995488e+01  5.875000e+01  2.680000e+01
   endloop
 endfacet
 facet normal  0.000000e+00  0.000000e+00  1.000000e+00
   outer loop
     vertex -1.987453e+01  5.946315e+01  2.680000e+01
     vertex -2.064971e+01  5.964008e+01  2.680000e+01
     vertex -2.075000e+01  5.875000e+01  2.680000e+01
   endloop
 endfacet
 facet normal  0.000000e+00  0.000000e+00  1.000000e+00
   outer loop
     vertex  6.048553e+01 -2.035388e+01  2.680000e+01
     vertex  5.946315e+01 -1.987453e+01  2.680000e+01
     vertex  5.964008e+01 -2.064971e+01  2.680000e+01
   endloop
 endfacet
 facet normal  0.000000e+00  0.000000e+00  1.000000e+00
   outer loop
     vertex -1.963750e+01  6.014055e+01  2.680000e+01
     vertex -2.064971e+01  5.964008e+01  2.680000e+01
     vertex -1.987453e+01  5.946315e+01  2.680000e+01
   endloop
 endfacet
 facet normal  0.000000e+00  0.000000e+00  1.000000e+00
   outer loop
     vertex -1.963750e+01  6.014055e+01  2.680000e+01
     vertex -2.035388e+01  6.048553e+01  2.680000e+01
     vertex -2.064971e+01  5.964008e+01  2.680000e+01
   endloop
 endfacet
 facet normal  0.000000e+00  0.000000e+00  1.000000e+00
   outer loop
     vertex  6.014055e+01 -1.963750e+01  2.680000e+01
     vertex  5.946315e+01 -1.987453e+01  2.680000e+01
     vertex  6.048553e+01 -2.035388e+01  2.680000e+01
   endloop
 endfacet
 facet normal  0.000000e+00  0.000000e+00  1.000000e+00
   outer loop
     vertex -1.925568e+01  6.074821e+01  2.680000e+01
     vertex -2.035388e+01  6.048553e+01  2.680000e+01
     vertex -1.963750e+01  6.014055e+01  2.680000e+01
   endloop
 endfacet
 facet normal  0.000000e+00  0.000000e+00  1.000000e+00
   outer loop
     vertex -1.925568e+01  6.074821e+01  2.680000e+01
     vertex -1.987733e+01  6.124396e+01  2.680000e+01
     vertex -2.035388e+01  6.048553e+01  2.680000e+01
   endloop
 endfacet
 facet normal  0.000000e+00  0.000000e+00  1.000000e+00
   outer loop
     vertex  6.074821e+01 -1.925568e+01  2.680000e+01
     vertex  6.048553e+01 -2.035388e+01  2.680000e+01
     vertex  6.124396e+01 -1.987733e+01  2.680000e+01
   endloop
 endfacet
 facet normal  0.000000e+00  0.000000e+00  1.000000e+00
   outer loop
     vertex  6.074821e+01 -1.925568e+01  2.680000e+01
     vertex  6.014055e+01 -1.963750e+01  2.680000e+01
     vertex  6.048553e+01 -2.035388e+01  2.680000e+01
   endloop
 endfacet
 facet normal  0.000000e+00  0.000000e+00  1.000000e+00
   outer loop
     vertex -1.874821e+01  6.125568e+01  2.680000e+01
     vertex -1.987733e+01  6.124396e+01  2.680000e+01
     vertex -1.925568e+01  6.074821e+01  2.680000e+01
   endloop
 endfacet
 facet normal  0.000000e+00  0.000000e+00  1.000000e+00
   outer loop
     vertex  6.125568e+01 -1.874821e+01  2.680000e+01
     vertex  6.074821e+01 -1.925568e+01  2.680000e+01
     vertex  6.124396e+01 -1.987733e+01  2.680000e+01
   endloop
 endfacet
 facet normal  0.000000e+00  0.000000e+00  1.000000e+00
   outer loop
     vertex  6.187733e+01 -1.924396e+01  2.680000e+01
     vertex  6.125568e+01 -1.874821e+01  2.680000e+01
     vertex  6.124396e+01 -1.987733e+01  2.680000e+01
   endloop
 endfacet
 facet normal  0.000000e+00  0.000000e+00  1.000000e+00
   outer loop
     vertex -1.924396e+01  6.187733e+01  2.680000e+01
     vertex -1.987733e+01  6.124396e+01  2.680000e+01
     vertex -1.874821e+01  6.125568e+01  2.680000e+01
   endloop
 endfacet
 facet normal  0.000000e+00  0.000000e+00  1.000000e+00
   outer loop
     vertex -1.848553e+01  6.235388e+01  2.680000e+01
     vertex -1.874821e+01  6.125568e+01  2.680000e+01
     vertex -1.814055e+01  6.163750e+01  2.680000e+01
   endloop
 endfacet
 facet normal  0.000000e+00  0.000000e+00  1.000000e+00
   outer loop
     vertex -1.848553e+01  6.235388e+01  2.680000e+01
     vertex -1.924396e+01  6.187733e+01  2.680000e+01
     vertex -1.874821e+01  6.125568e+01  2.680000e+01
   endloop
 endfacet
 facet normal  0.000000e+00  0.000000e+00  1.000000e+00
   outer loop
     vertex  6.235388e+01 -1.848553e+01  2.680000e+01
     vertex  6.125568e+01 -1.874821e+01  2.680000e+01
     vertex  6.187733e+01 -1.924396e+01  2.680000e+01
   endloop
 endfacet
 facet normal  0.000000e+00  0.000000e+00  1.000000e+00
   outer loop
     vertex  6.235388e+01 -1.848553e+01  2.680000e+01
     vertex  6.163750e+01 -1.814055e+01  2.680000e+01
     vertex  6.125568e+01 -1.874821e+01  2.680000e+01
   endloop
 endfacet
 facet normal  0.000000e+00  0.000000e+00  1.000000e+00
   outer loop
     vertex  6.187453e+01 -1.746315e+01  2.680000e+01
     vertex  6.163750e+01 -1.814055e+01  2.680000e+01
     vertex  6.235388e+01 -1.848553e+01  2.680000e+01
   endloop
 endfacet
 facet normal  0.000000e+00  0.000000e+00  1.000000e+00
   outer loop
     vertex  6.264971e+01 -1.764008e+01  2.680000e+01
     vertex  6.187453e+01 -1.746315e+01  2.680000e+01
     vertex  6.235388e+01 -1.848553e+01  2.680000e+01
   endloop
 endfacet
 facet normal  0.000000e+00  0.000000e+00  1.000000e+00
   outer loop
     vertex -1.764008e+01  6.264971e+01  2.680000e+01
     vertex -1.814055e+01  6.163750e+01  2.680000e+01
     vertex -1.746315e+01  6.187453e+01  2.680000e+01
   endloop
 endfacet
 facet normal  0.000000e+00  0.000000e+00  1.000000e+00
   outer loop
     vertex -1.764008e+01  6.264971e+01  2.680000e+01
     vertex -1.848553e+01  6.235388e+01  2.680000e+01
     vertex -1.814055e+01  6.163750e+01  2.680000e+01
   endloop
 endfacet
 facet normal  0.000000e+00  0.000000e+00  1.000000e+00
   outer loop
     vertex  6.195488e+01 -1.675000e+01  2.680000e+01
     vertex  6.187453e+01 -1.746315e+01  2.680000e+01
     vertex  6.264971e+01 -1.764008e+01  2.680000e+01
   endloop
 endfacet
 facet normal  0.000000e+00  0.000000e+00  1.000000e+00
   outer loop
     vertex  6.275000e+01 -1.675000e+01  2.680000e+01
     vertex  6.195488e+01 -1.675000e+01  2.680000e+01
     vertex  6.264971e+01 -1.764008e+01  2.680000e+01
   endloop
 endfacet
 facet normal  0.000000e+00  0.000000e+00  1.000000e+00
   outer loop
     vertex -1.675000e+01  6.275000e+01  2.680000e+01
     vertex -1.746315e+01  6.187453e+01  2.680000e+01
     vertex -1.675000e+01  6.195488e+01  2.680000e+01
   endloop
 endfacet
 facet normal  0.000000e+00  0.000000e+00  1.000000e+00
   outer loop
     vertex -1.675000e+01  6.275000e+01  2.680000e+01
     vertex -1.764008e+01  6.264971e+01  2.680000e+01
     vertex -1.746315e+01  6.187453e+01  2.680000e+01
   endloop
 endfacet
 facet normal  0.000000e+00  0.000000e+00  1.000000e+00
   outer loop
     vertex  6.275000e+01  5.875000e+01  2.680000e+01
     vertex  6.195488e+01 -1.675000e+01  2.680000e+01
     vertex  6.275000e+01 -1.675000e+01  2.680000e+01
   endloop
 endfacet
 facet normal  0.000000e+00  0.000000e+00  1.000000e+00
   outer loop
     vertex  6.275000e+01  5.875000e+01  2.680000e+01
     vertex  6.187453e+01  5.946315e+01  2.680000e+01
     vertex  6.195488e+01  5.875000e+01  2.680000e+01
   endloop
 endfacet
 facet normal  0.000000e+00  0.000000e+00  1.000000e+00
   outer loop
     vertex  6.275000e+01  5.875000e+01  2.680000e+01
     vertex  6.195488e+01  5.875000e+01  2.680000e+01
     vertex  6.195488e+01 -1.675000e+01  2.680000e+01
   endloop
 endfacet
 facet normal  0.000000e+00  0.000000e+00  1.000000e+00
   outer loop
     vertex  5.875000e+01  6.275000e+01  2.680000e+01
     vertex -1.675000e+01  6.195488e+01  2.680000e+01
     vertex  5.875000e+01  6.195488e+01  2.680000e+01
   endloop
 endfacet
 facet normal  0.000000e+00  0.000000e+00  1.000000e+00
   outer loop
     vertex  5.875000e+01  6.275000e+01  2.680000e+01
     vertex -1.675000e+01  6.275000e+01  2.680000e+01
     vertex -1.675000e+01  6.195488e+01  2.680000e+01
   endloop
 endfacet
 facet normal  0.000000e+00  0.000000e+00  1.000000e+00
   outer loop
     vertex  6.264971e+01  5.964008e+01  2.680000e+01
     vertex  6.187453e+01  5.946315e+01  2.680000e+01
     vertex  6.275000e+01  5.875000e+01  2.680000e+01
   endloop
 endfacet
 facet normal  0.000000e+00  0.000000e+00  1.000000e+00
   outer loop
     vertex  5.964008e+01  6.264971e+01  2.680000e+01
     vertex  5.875000e+01  6.195488e+01  2.680000e+01
     vertex  5.946315e+01  6.187453e+01  2.680000e+01
   endloop
 endfacet
 facet normal  0.000000e+00  0.000000e+00  1.000000e+00
   outer loop
     vertex  5.964008e+01  6.264971e+01  2.680000e+01
     vertex  5.946315e+01  6.187453e+01  2.680000e+01
     vertex  6.014055e+01  6.163750e+01  2.680000e+01
   endloop
 endfacet
 facet normal  0.000000e+00  0.000000e+00  1.000000e+00
   outer loop
     vertex  5.964008e+01  6.264971e+01  2.680000e+01
     vertex  5.875000e+01  6.275000e+01  2.680000e+01
     vertex  5.875000e+01  6.195488e+01  2.680000e+01
   endloop
 endfacet
 facet normal  0.000000e+00  0.000000e+00  1.000000e+00
   outer loop
     vertex  6.235388e+01  6.048553e+01  2.680000e+01
     vertex  6.163750e+01  6.014055e+01  2.680000e+01
     vertex  6.187453e+01  5.946315e+01  2.680000e+01
   endloop
 endfacet
 facet normal  0.000000e+00  0.000000e+00  1.000000e+00
   outer loop
     vertex  6.235388e+01  6.048553e+01  2.680000e+01
     vertex  6.187453e+01  5.946315e+01  2.680000e+01
     vertex  6.264971e+01  5.964008e+01  2.680000e+01
   endloop
 endfacet
 facet normal  0.000000e+00  0.000000e+00  1.000000e+00
   outer loop
     vertex  6.048553e+01  6.235388e+01  2.680000e+01
     vertex  5.964008e+01  6.264971e+01  2.680000e+01
     vertex  6.014055e+01  6.163750e+01  2.680000e+01
   endloop
 endfacet
 facet normal  0.000000e+00  0.000000e+00  1.000000e+00
   outer loop
     vertex  6.187733e+01  6.124396e+01  2.680000e+01
     vertex  6.074821e+01  6.125568e+01  2.680000e+01
     vertex  6.125568e+01  6.074821e+01  2.680000e+01
   endloop
 endfacet
 facet normal  0.000000e+00  0.000000e+00  1.000000e+00
   outer loop
     vertex  6.187733e+01  6.124396e+01  2.680000e+01
     vertex  6.125568e+01  6.074821e+01  2.680000e+01
     vertex  6.163750e+01  6.014055e+01  2.680000e+01
   endloop
 endfacet
 facet normal  0.000000e+00  0.000000e+00  1.000000e+00
   outer loop
     vertex  6.187733e+01  6.124396e+01  2.680000e+01
     vertex  6.163750e+01  6.014055e+01  2.680000e+01
     vertex  6.235388e+01  6.048553e+01  2.680000e+01
   endloop
 endfacet
 facet normal  0.000000e+00  0.000000e+00  1.000000e+00
   outer loop
     vertex  6.124396e+01  6.187733e+01  2.680000e+01
     vertex  6.014055e+01  6.163750e+01  2.680000e+01
     vertex  6.074821e+01  6.125568e+01  2.680000e+01
   endloop
 endfacet
 facet normal  0.000000e+00  0.000000e+00  1.000000e+00
   outer loop
     vertex  6.124396e+01  6.187733e+01  2.680000e+01
     vertex  6.048553e+01  6.235388e+01  2.680000e+01
     vertex  6.014055e+01  6.163750e+01  2.680000e+01
   endloop
 endfacet
 facet normal  0.000000e+00  0.000000e+00  1.000000e+00
   outer loop
     vertex  6.124396e+01  6.187733e+01  2.680000e+01
     vertex  6.074821e+01  6.125568e+01  2.680000e+01
     vertex  6.187733e+01  6.124396e+01  2.680000e+01
   endloop
 endfacet
 facet normal -9.937119e-01 -1.119644e-01  7.481970e-04
   outer loop
     vertex -2.074215e+01 -1.700050e+01 -2.583515e-01
     vertex -2.064971e+01 -1.764008e+01  2.680000e+01
     vertex -2.075000e+01 -1.675000e+01  2.680000e+01
   endloop
 endfacet
 facet normal -9.995092e-01 -3.132788e-02  0.000000e+00
   outer loop
     vertex -2.074215e+01 -1.700050e+01 -2.583515e-01
     vertex -2.075000e+01 -1.675000e+01  2.680000e+01
     vertex -2.075000e+01 -1.675000e+01 -2.505000e-01
   endloop
 endfacet
 facet normal -9.438830e-01 -3.302789e-01  8.449948e-04
   outer loop
     vertex -2.056765e+01 -1.794395e+01 -3.101915e-01
     vertex -2.035388e+01 -1.848553e+01  2.680000e+01
     vertex -2.064971e+01 -1.764008e+01  2.680000e+01
   endloop
 endfacet
 facet normal -9.833316e-01 -1.818190e-01 -9.384309e-04
   outer loop
     vertex -2.056765e+01 -1.794395e+01 -3.101915e-01
     vertex -2.064971e+01 -1.764008e+01  2.680000e+01
     vertex -2.074215e+01 -1.700050e+01 -2.583515e-01
   endloop
 endfacet
 facet normal -8.467239e-01 -5.320319e-01  9.055451e-04
   outer loop
     vertex -2.017240e+01 -1.882055e+01 -3.430160e-01
     vertex -1.987733e+01 -1.924396e+01  2.680000e+01
     vertex -2.035388e+01 -1.848553e+01  2.680000e+01
   endloop
 endfacet
 facet normal -9.116297e-01 -4.110112e-01 -1.022142e-03
   outer loop
     vertex -2.017240e+01 -1.882055e+01 -3.430160e-01
     vertex -2.035388e+01 -1.848553e+01  2.680000e+01
     vertex -2.056765e+01 -1.794395e+01 -3.101915e-01
   endloop
 endfacet
 facet normal -7.071065e-01 -7.071065e-01  9.262322e-04
   outer loop
     vertex -1.957843e+01 -1.957843e+01 -3.542605e-01
     vertex -1.924396e+01 -1.987733e+01  2.680000e+01
     vertex -1.987733e+01 -1.924396e+01  2.680000e+01
   endloop
 endfacet
 facet normal -7.870824e-01 -6.168470e-01 -1.065852e-03
   outer loop
     vertex -1.957843e+01 -1.957843e+01 -3.542605e-01
     vertex -1.987733e+01 -1.924396e+01  2.680000e+01
     vertex -2.017240e+01 -1.882055e+01 -3.430160e-01
   endloop
 endfacet
 facet normal -5.320319e-01 -8.467239e-01  9.055451e-04
   outer loop
     vertex -1.882055e+01 -2.017240e+01 -3.430160e-01
     vertex -1.848553e+01 -2.035388e+01  2.680000e+01
     vertex -1.924396e+01 -1.987733e+01  2.680000e+01
   endloop
 endfacet
 facet normal -6.168470e-01 -7.870823e-01 -1.065853e-03
   outer loop
     vertex -1.882055e+01 -2.017240e+01 -3.430160e-01
     vertex -1.924396e+01 -1.987733e+01  2.680000e+01
     vertex -1.957843e+01 -1.957843e+01 -3.542605e-01
   endloop
 endfacet
 facet normal -3.302789e-01 -9.438830e-01  8.449948e-04
   outer loop
     vertex -1.794395e+01 -2.056765e+01 -3.101915e-01
     vertex -1.764008e+01 -2.064971e+01  2.680000e+01
     vertex -1.848553e+01 -2.035388e+01  2.680000e+01
   endloop
 endfacet
 facet normal -4.110112e-01 -9.116297e-01 -1.022142e-03
   outer loop
     vertex -1.794395e+01 -2.056765e+01 -3.101915e-01
     vertex -1.848553e+01 -2.035388e+01  2.680000e+01
     vertex -1.882055e+01 -2.017240e+01 -3.430160e-01
   endloop
 endfacet
 facet normal -1.119644e-01 -9.937119e-01  7.481970e-04
   outer loop
     vertex -1.700050e+01 -2.074215e+01 -2.583515e-01
     vertex -1.675000e+01 -2.075000e+01  2.680000e+01
     vertex -1.764008e+01 -2.064971e+01  2.680000e+01
   endloop
 endfacet
 facet normal -1.818190e-01 -9.833316e-01 -9.384307e-04
   outer loop
     vertex -1.700050e+01 -2.074215e+01 -2.583515e-01
     vertex -1.764008e+01 -2.064971e+01  2.680000e+01
     vertex -1.794395e+01 -2.056765e+01 -3.101915e-01
   endloop
 endfacet
 facet normal -3.132788e-02 -9.995092e-01  0.000000e+00
   outer loop
     vertex -1.675000e+01 -2.075000e+01 -2.505000e-01
     vertex -1.675000e+01 -2.075000e+01  2.680000e+01
     vertex -1.700050e+01 -2.074215e+01 -2.583515e-01
   endloop
 endfacet
 facet normal -7.071068e-01 -9.304114e-18 -7.071068e-01
   outer loop
     vertex -2.075000e+01 -1.675000e+01 -2.505000e-01
     vertex -2.075000e+01  1.700050e+01 -2.505000e-01
     vertex -1.859953e+01  1.700050e+01 -2.400969e+00
   endloop
 endfacet
 facet normal -7.071068e-01  0.000000e+00 -7.071068e-01
   outer loop
     vertex -1.859953e+01 -1.700050e+01 -2.400969e+00
     vertex -2.074215e+01 -1.700050e+01 -2.583515e-01
     vertex -2.075000e+01 -1.675000e+01 -2.505000e-01
   endloop
 endfacet
 facet normal -7.071068e-01  0.000000e+00 -7.071068e-01
   outer loop
     vertex -1.859953e+01 -1.700050e+01 -2.400969e+00
     vertex -2.075000e+01 -1.675000e+01 -2.505000e-01
     vertex -1.859953e+01  1.700050e+01 -2.400969e+00
   endloop
 endfacet
 facet normal -1.392813e-01  7.002145e-01 -7.002145e-01
   outer loop
     vertex -1.807183e+01  1.958691e+01 -1.200485e+00
     vertex -1.700050e+01  2.100000e+01 -5.000000e-04
     vertex -1.700050e+01  1.859953e+01 -2.400969e+00
   endloop
 endfacet
 facet normal -6.008327e-03  6.499231e-01 -7.599762e-01
   outer loop
     vertex -1.807183e+01  1.958691e+01 -1.200485e+00
     vertex -1.706374e+01  2.100000e+01  0.000000e+00
     vertex -1.700050e+01  2.100000e+01 -5.000000e-04
   endloop
 endfacet
 facet normal -9.319815e-02  6.824117e-01 -7.250023e-01
   outer loop
     vertex -1.807183e+01  1.958691e+01 -1.200485e+00
     vertex -1.801201e+01  2.087049e+01  0.000000e+00
     vertex -1.706374e+01  2.100000e+01  0.000000e+00
   endloop
 endfacet
 facet normal -2.624475e-01  6.656232e-01 -6.986179e-01
   outer loop
     vertex -1.807183e+01  1.958691e+01 -1.200485e+00
     vertex -1.890236e+01  2.051944e+01  0.000000e+00
     vertex -1.801201e+01  2.087049e+01  0.000000e+00
   endloop
 endfacet
 facet normal -8.251172e-02  7.323117e-01 -6.759522e-01
   outer loop
     vertex -1.807183e+01  1.958691e+01 -1.200485e+00
     vertex -1.700050e+01  1.859953e+01 -2.400969e+00
     vertex -1.735632e+01  1.855944e+01 -2.400969e+00
   endloop
 endfacet
 facet normal -2.329936e-01  6.658575e-01 -7.087650e-01
   outer loop
     vertex -1.807183e+01  1.958691e+01 -1.200485e+00
     vertex -1.735632e+01  1.855944e+01 -2.400969e+00
     vertex -1.769429e+01  1.844118e+01 -2.400969e+00
   endloop
 endfacet
 facet normal -3.808538e-01  6.061254e-01 -6.982567e-01
   outer loop
     vertex -1.807183e+01  1.958691e+01 -1.200485e+00
     vertex -1.769429e+01  1.844118e+01 -2.400969e+00
     vertex -1.799748e+01  1.825067e+01 -2.400969e+00
   endloop
 endfacet
 facet normal -4.062393e-01  5.745894e-01 -7.105045e-01
   outer loop
     vertex -1.898006e+01  1.898006e+01 -1.200485e+00
     vertex -1.968384e+01  1.996693e+01  0.000000e+00
     vertex -1.890236e+01  2.051944e+01  0.000000e+00
   endloop
 endfacet
 facet normal -5.385701e-01  4.681308e-01 -7.005682e-01
   outer loop
     vertex -1.898006e+01  1.898006e+01 -1.200485e+00
     vertex -2.031170e+01  1.924459e+01  0.000000e+00
     vertex -1.968384e+01  1.996693e+01  0.000000e+00
   endloop
 endfacet
 facet normal -4.979106e-01  4.979106e-01 -7.100494e-01
   outer loop
     vertex -1.898006e+01  1.898006e+01 -1.200485e+00
     vertex -1.799748e+01  1.825067e+01 -2.400969e+00
     vertex -1.825067e+01  1.799748e+01 -2.400969e+00
   endloop
 endfacet
 facet normal -3.869537e-01  5.791171e-01 -7.175585e-01
   outer loop
     vertex -1.898006e+01  1.898006e+01 -1.200485e+00
     vertex -1.890236e+01  2.051944e+01  0.000000e+00
     vertex -1.807183e+01  1.958691e+01 -1.200485e+00
   endloop
 endfacet
 facet normal -4.008004e-01  5.998402e-01 -6.924961e-01
   outer loop
     vertex -1.898006e+01  1.898006e+01 -1.200485e+00
     vertex -1.807183e+01  1.958691e+01 -1.200485e+00
     vertex -1.799748e+01  1.825067e+01 -2.400969e+00
   endloop
 endfacet
 facet normal -6.336157e-01  3.264125e-01 -7.014171e-01
   outer loop
     vertex -1.958691e+01  1.807183e+01 -1.200485e+00
     vertex -2.075000e+01  1.839379e+01  0.000000e+00
     vertex -2.031170e+01  1.924459e+01  0.000000e+00
   endloop
 endfacet
 facet normal -6.776881e-01  1.952767e-01 -7.089470e-01
   outer loop
     vertex -1.958691e+01  1.807183e+01 -1.200485e+00
     vertex -2.075000e+01  1.776292e+01 -1.737708e-01
     vertex -2.075000e+01  1.839379e+01  0.000000e+00
   endloop
 endfacet
 facet normal -6.740199e-01  1.098125e-01 -7.305056e-01
   outer loop
     vertex -1.958691e+01  1.807183e+01 -1.200485e+00
     vertex -2.075000e+01  1.737977e+01 -2.313665e-01
     vertex -2.075000e+01  1.776292e+01 -1.737708e-01
   endloop
 endfacet
 facet normal -6.529755e-01  3.815956e-02 -7.564171e-01
   outer loop
     vertex -1.958691e+01  1.807183e+01 -1.200485e+00
     vertex -2.075000e+01  1.700050e+01 -2.505000e-01
     vertex -2.075000e+01  1.737977e+01 -2.313665e-01
   endloop
 endfacet
 facet normal -7.002145e-01  1.392813e-01 -7.002145e-01
   outer loop
     vertex -1.958691e+01  1.807183e+01 -1.200485e+00
     vertex -1.859953e+01  1.700050e+01 -2.400969e+00
     vertex -2.075000e+01  1.700050e+01 -2.505000e-01
   endloop
 endfacet
 facet normal -6.061254e-01  3.808538e-01 -6.982567e-01
   outer loop
     vertex -1.958691e+01  1.807183e+01 -1.200485e+00
     vertex -1.825067e+01  1.799748e+01 -2.400969e+00
     vertex -1.844118e+01  1.769429e+01 -2.400969e+00
   endloop
 endfacet
 facet normal -6.658575e-01  2.329936e-01 -7.087650e-01
   outer loop
     vertex -1.958691e+01  1.807183e+01 -1.200485e+00
     vertex -1.844118e+01  1.769429e+01 -2.400969e+00
     vertex -1.855944e+01  1.735632e+01 -2.400969e+00
   endloop
 endfacet
 facet normal -7.323117e-01  8.251172e-02 -6.759522e-01
   outer loop
     vertex -1.958691e+01  1.807183e+01 -1.200485e+00
     vertex -1.855944e+01  1.735632e+01 -2.400969e+00
     vertex -1.859953e+01  1.700050e+01 -2.400969e+00
   endloop
 endfacet
 facet normal -5.749368e-01  3.841605e-01 -7.224046e-01
   outer loop
     vertex -1.958691e+01  1.807183e+01 -1.200485e+00
     vertex -2.031170e+01  1.924459e+01  0.000000e+00
     vertex -1.898006e+01  1.898006e+01 -1.200485e+00
   endloop
 endfacet
 facet normal -5.998402e-01  4.008004e-01 -6.924961e-01
   outer loop
     vertex -1.958691e+01  1.807183e+01 -1.200485e+00
     vertex -1.898006e+01  1.898006e+01 -1.200485e+00
     vertex -1.825067e+01  1.799748e+01 -2.400969e+00
   endloop
 endfacet
 facet normal  0.000000e+00 -0.000000e+00 -1.000000e+00
   outer loop
     vertex -1.968384e+01  2.203307e+01  0.000000e+00
     vertex -1.968384e+01  1.996693e+01  0.000000e+00
     vertex -2.031170e+01  1.924459e+01  0.000000e+00
   endloop
 endfacet
 facet normal  0.000000e+00 -0.000000e+00 -1.000000e+00
   outer loop
     vertex -2.031170e+01  2.275541e+01  0.000000e+00
     vertex -2.031170e+01  1.924459e+01  0.000000e+00
     vertex -2.075000e+01  1.839379e+01  0.000000e+00
   endloop
 endfacet
 facet normal  0.000000e+00  0.000000e+00 -1.000000e+00
   outer loop
     vertex -2.031170e+01  2.275541e+01  0.000000e+00
     vertex -1.968384e+01  2.203307e+01  0.000000e+00
     vertex -2.031170e+01  1.924459e+01  0.000000e+00
   endloop
 endfacet
 facet normal  0.000000e+00 -0.000000e+00 -1.000000e+00
   outer loop
     vertex -1.890236e+01  2.148056e+01  0.000000e+00
     vertex -1.890236e+01  2.051944e+01  0.000000e+00
     vertex -1.968384e+01  1.996693e+01  0.000000e+00
   endloop
 endfacet
 facet normal -0.000000e+00  0.000000e+00 -1.000000e+00
   outer loop
     vertex -1.890236e+01  2.148056e+01  0.000000e+00
     vertex -1.968384e+01  1.996693e+01  0.000000e+00
     vertex -1.968384e+01  2.203307e+01  0.000000e+00
   endloop
 endfacet
 facet normal  0.000000e+00  0.000000e+00 -1.000000e+00
   outer loop
     vertex -2.075000e+01  2.360621e+01  0.000000e+00
     vertex -2.031170e+01  2.275541e+01  0.000000e+00
     vertex -2.075000e+01  1.839379e+01  0.000000e+00
   endloop
 endfacet
 facet normal  0.000000e+00 -0.000000e+00 -1.000000e+00
   outer loop
     vertex -1.801201e+01  2.112951e+01  0.000000e+00
     vertex -1.801201e+01  2.087049e+01  0.000000e+00
     vertex -1.890236e+01  2.051944e+01  0.000000e+00
   endloop
 endfacet
 facet normal -0.000000e+00  0.000000e+00 -1.000000e+00
   outer loop
     vertex -1.801201e+01  2.112951e+01  0.000000e+00
     vertex -1.890236e+01  2.051944e+01  0.000000e+00
     vertex -1.890236e+01  2.148056e+01  0.000000e+00
   endloop
 endfacet
 facet normal -0.000000e+00  0.000000e+00 -1.000000e+00
   outer loop
     vertex -1.706374e+01  2.100000e+01  0.000000e+00
     vertex -1.801201e+01  2.087049e+01  0.000000e+00
     vertex -1.801201e+01  2.112951e+01  0.000000e+00
   endloop
 endfacet
 facet normal -4.907510e-01 -2.528145e-01 -8.338155e-01
   outer loop
     vertex -2.031170e+01  2.275541e+01  0.000000e+00
     vertex -2.075000e+01  2.360621e+01  0.000000e+00
     vertex -2.075000e+01  2.400371e+01 -1.205234e-01
   endloop
 endfacet
 facet normal -7.002145e-01 -1.392813e-01 -7.002145e-01
   outer loop
     vertex -1.958691e+01  2.392817e+01 -1.200485e+00
     vertex -2.075000e+01  2.499950e+01 -2.505000e-01
     vertex -1.859953e+01  2.499950e+01 -2.400969e+00
   endloop
 endfacet
 facet normal -6.640550e-01 -6.007573e-02 -7.452663e-01
   outer loop
     vertex -1.958691e+01  2.392817e+01 -1.200485e+00
     vertex -2.075000e+01  2.439105e+01 -2.014533e-01
     vertex -2.075000e+01  2.499950e+01 -2.505000e-01
   endloop
 endfacet
 facet normal -6.779272e-01 -1.503497e-01 -7.195899e-01
   outer loop
     vertex -1.958691e+01  2.392817e+01 -1.200485e+00
     vertex -2.075000e+01  2.400371e+01 -1.205234e-01
     vertex -2.075000e+01  2.439105e+01 -2.014533e-01
   endloop
 endfacet
 facet normal -7.323117e-01 -8.251172e-02 -6.759522e-01
   outer loop
     vertex -1.958691e+01  2.392817e+01 -1.200485e+00
     vertex -1.859953e+01  2.499950e+01 -2.400969e+00
     vertex -1.855944e+01  2.464368e+01 -2.400969e+00
   endloop
 endfacet
 facet normal -6.658575e-01 -2.329936e-01 -7.087650e-01
   outer loop
     vertex -1.958691e+01  2.392817e+01 -1.200485e+00
     vertex -1.855944e+01  2.464368e+01 -2.400969e+00
     vertex -1.844118e+01  2.430571e+01 -2.400969e+00
   endloop
 endfacet
 facet normal -6.061254e-01 -3.808538e-01 -6.982567e-01
   outer loop
     vertex -1.958691e+01  2.392817e+01 -1.200485e+00
     vertex -1.844118e+01  2.430571e+01 -2.400969e+00
     vertex -1.825067e+01  2.400252e+01 -2.400969e+00
   endloop
 endfacet
 facet normal -6.597969e-01 -2.982565e-01 -6.897181e-01
   outer loop
     vertex -1.958691e+01  2.392817e+01 -1.200485e+00
     vertex -2.031170e+01  2.275541e+01  0.000000e+00
     vertex -2.075000e+01  2.400371e+01 -1.205234e-01
   endloop
 endfacet
 facet normal -5.385701e-01 -4.681308e-01 -7.005682e-01
   outer loop
     vertex -1.898006e+01  2.301994e+01 -1.200485e+00
     vertex -1.968384e+01  2.203307e+01  0.000000e+00
     vertex -2.031170e+01  2.275541e+01  0.000000e+00
   endloop
 endfacet
 facet normal -4.062393e-01 -5.745894e-01 -7.105045e-01
   outer loop
     vertex -1.898006e+01  2.301994e+01 -1.200485e+00
     vertex -1.890236e+01  2.148056e+01  0.000000e+00
     vertex -1.968384e+01  2.203307e+01  0.000000e+00
   endloop
 endfacet
 facet normal -4.979106e-01 -4.979106e-01 -7.100494e-01
   outer loop
     vertex -1.898006e+01  2.301994e+01 -1.200485e+00
     vertex -1.825067e+01  2.400252e+01 -2.400969e+00
     vertex -1.799748e+01  2.374933e+01 -2.400969e+00
   endloop
 endfacet
 facet normal -5.749368e-01 -3.841605e-01 -7.224046e-01
   outer loop
     vertex -1.898006e+01  2.301994e+01 -1.200485e+00
     vertex -2.031170e+01  2.275541e+01  0.000000e+00
     vertex -1.958691e+01  2.392817e+01 -1.200485e+00
   endloop
 endfacet
 facet normal -5.998402e-01 -4.008004e-01 -6.924961e-01
   outer loop
     vertex -1.898006e+01  2.301994e+01 -1.200485e+00
     vertex -1.958691e+01  2.392817e+01 -1.200485e+00
     vertex -1.825067e+01  2.400252e+01 -2.400969e+00
   endloop
 endfacet
 facet normal -2.624475e-01 -6.656232e-01 -6.986179e-01
   outer loop
     vertex -1.807183e+01  2.241309e+01 -1.200485e+00
     vertex -1.801201e+01  2.112951e+01  0.000000e+00
     vertex -1.890236e+01  2.148056e+01  0.000000e+00
   endloop
 endfacet
 facet normal -9.319815e-02 -6.824117e-01 -7.250023e-01
   outer loop
     vertex -1.807183e+01  2.241309e+01 -1.200485e+00
     vertex -1.706374e+01  2.100000e+01  0.000000e+00
     vertex -1.801201e+01  2.112951e+01  0.000000e+00
   endloop
 endfacet
 facet normal -6.008327e-03 -6.499231e-01 -7.599762e-01
   outer loop
     vertex -1.807183e+01  2.241309e+01 -1.200485e+00
     vertex -1.700050e+01  2.100000e+01 -5.000000e-04
     vertex -1.706374e+01  2.100000e+01  0.000000e+00
   endloop
 endfacet
 facet normal -1.392813e-01 -7.002145e-01 -7.002145e-01
   outer loop
     vertex -1.807183e+01  2.241309e+01 -1.200485e+00
     vertex -1.700050e+01  2.340047e+01 -2.400969e+00
     vertex -1.700050e+01  2.100000e+01 -5.000000e-04
   endloop
 endfacet
 facet normal -3.808538e-01 -6.061254e-01 -6.982567e-01
   outer loop
     vertex -1.807183e+01  2.241309e+01 -1.200485e+00
     vertex -1.799748e+01  2.374933e+01 -2.400969e+00
     vertex -1.769429e+01  2.355882e+01 -2.400969e+00
   endloop
 endfacet
 facet normal -2.329936e-01 -6.658575e-01 -7.087650e-01
   outer loop
     vertex -1.807183e+01  2.241309e+01 -1.200485e+00
     vertex -1.769429e+01  2.355882e+01 -2.400969e+00
     vertex -1.735632e+01  2.344056e+01 -2.400969e+00
   endloop
 endfacet
 facet normal -8.251172e-02 -7.323117e-01 -6.759522e-01
   outer loop
     vertex -1.807183e+01  2.241309e+01 -1.200485e+00
     vertex -1.735632e+01  2.344056e+01 -2.400969e+00
     vertex -1.700050e+01  2.340047e+01 -2.400969e+00
   endloop
 endfacet
 facet normal -3.869537e-01 -5.791171e-01 -7.175585e-01
   outer loop
     vertex -1.807183e+01  2.241309e+01 -1.200485e+00
     vertex -1.890236e+01  2.148056e+01  0.000000e+00
     vertex -1.898006e+01  2.301994e+01 -1.200485e+00
   endloop
 endfacet
 facet normal -4.008004e-01 -5.998402e-01 -6.924961e-01
   outer loop
     vertex -1.807183e+01  2.241309e+01 -1.200485e+00
     vertex -1.898006e+01  2.301994e+01 -1.200485e+00
     vertex -1.799748e+01  2.374933e+01 -2.400969e+00
   endloop
 endfacet
 facet normal -7.071068e-01 -1.170126e-15 -7.071068e-01
   outer loop
     vertex -1.859953e+01  5.900050e+01 -2.400969e+00
     vertex -2.075000e+01  5.875000e+01 -2.505000e-01
     vertex -2.074215e+01  5.900050e+01 -2.583515e-01
   endloop
 endfacet
 facet normal -7.071068e-01  8.653101e-18 -7.071068e-01
   outer loop
     vertex -1.859953e+01  2.499950e+01 -2.400969e+00
     vertex -2.075000e+01  2.499950e+01 -2.505000e-01
     vertex -2.075000e+01  5.875000e+01 -2.505000e-01
   endloop
 endfacet
 facet normal -7.071068e-01  0.000000e+00 -7.071068e-01
   outer loop
     vertex -1.859953e+01  2.499950e+01 -2.400969e+00
     vertex -2.075000e+01  5.875000e+01 -2.505000e-01
     vertex -1.859953e+01  5.900050e+01 -2.400969e+00
   endloop
 endfacet
 facet normal -3.132788e-02  9.995092e-01  0.000000e+00
   outer loop
     vertex -1.700050e+01  6.274215e+01 -2.583515e-01
     vertex -1.675000e+01  6.275000e+01  2.680000e+01
     vertex -1.675000e+01  6.275000e+01 -2.505000e-01
   endloop
 endfacet
 facet normal -1.119644e-01  9.937119e-01  7.481970e-04
   outer loop
     vertex -1.700050e+01  6.274215e+01 -2.583515e-01
     vertex -1.764008e+01  6.264971e+01  2.680000e+01
     vertex -1.675000e+01  6.275000e+01  2.680000e+01
   endloop
 endfacet
 facet normal -3.302789e-01  9.438830e-01  8.449948e-04
   outer loop
     vertex -1.794395e+01  6.256765e+01 -3.101915e-01
     vertex -1.848553e+01  6.235388e+01  2.680000e+01
     vertex -1.764008e+01  6.264971e+01  2.680000e+01
   endloop
 endfacet
 facet normal -1.818190e-01  9.833316e-01 -9.384309e-04
   outer loop
     vertex -1.794395e+01  6.256765e+01 -3.101915e-01
     vertex -1.764008e+01  6.264971e+01  2.680000e+01
     vertex -1.700050e+01  6.274215e+01 -2.583515e-01
   endloop
 endfacet
 facet normal -5.320319e-01  8.467239e-01  9.055451e-04
   outer loop
     vertex -1.882055e+01  6.217240e+01 -3.430160e-01
     vertex -1.924396e+01  6.187733e+01  2.680000e+01
     vertex -1.848553e+01  6.235388e+01  2.680000e+01
   endloop
 endfacet
 facet normal -4.110112e-01  9.116297e-01 -1.022142e-03
   outer loop
     vertex -1.882055e+01  6.217240e+01 -3.430160e-01
     vertex -1.848553e+01  6.235388e+01  2.680000e+01
     vertex -1.794395e+01  6.256765e+01 -3.101915e-01
   endloop
 endfacet
 facet normal -7.071065e-01  7.071065e-01  9.262322e-04
   outer loop
     vertex -1.957843e+01  6.157843e+01 -3.542605e-01
     vertex -1.987733e+01  6.124396e+01  2.680000e+01
     vertex -1.924396e+01  6.187733e+01  2.680000e+01
   endloop
 endfacet
 facet normal -6.168470e-01  7.870823e-01 -1.065852e-03
   outer loop
     vertex -1.957843e+01  6.157843e+01 -3.542605e-01
     vertex -1.924396e+01  6.187733e+01  2.680000e+01
     vertex -1.882055e+01  6.217240e+01 -3.430160e-01
   endloop
 endfacet
 facet normal -8.467239e-01  5.320319e-01  9.055450e-04
   outer loop
     vertex -2.017240e+01  6.082055e+01 -3.430160e-01
     vertex -2.035388e+01  6.048553e+01  2.680000e+01
     vertex -1.987733e+01  6.124396e+01  2.680000e+01
   endloop
 endfacet
 facet normal -7.870823e-01  6.168470e-01 -1.065853e-03
   outer loop
     vertex -2.017240e+01  6.082055e+01 -3.430160e-01
     vertex -1.987733e+01  6.124396e+01  2.680000e+01
     vertex -1.957843e+01  6.157843e+01 -3.542605e-01
   endloop
 endfacet
